,meanfitness,seqscommon,seqstarget,extreme0,extreme1,other
0,0.5064306880115079,1.0,0.0,0.0,0.0,0.0
1,0.495993635397599,0.96,0.0,0.01,0.03,0.0
2,0.5172178189937263,0.88,0.0,0.06,0.05,0.01
3,0.5349563247662428,0.8,0.0,0.14,0.04,0.02
4,0.5540753763534859,0.64,0.0,0.28,0.06,0.02
5,0.6013294775490645,0.57,0.0,0.35,0.06,0.02
6,0.6407890456204143,0.49,0.0,0.42,0.03,0.06
7,0.6471982086603503,0.43,0.0,0.42,0.02,0.13
8,0.6759702577625084,0.31,0.0,0.52,0.03,0.14
9,0.7182591255777683,0.17,0.0,0.69,0.02,0.12
10,0.7465442564978265,0.12,0.0,0.74,0.03,0.11
11,0.7439023666996282,0.11,0.0,0.71,0.03,0.15
12,0.7609435770204016,0.08,0.0,0.64,0.04,0.24
13,0.7914946892602254,0.05,0.0,0.72,0.03,0.2
14,0.7919038935653654,0.02,0.0,0.69,0.03,0.26
15,0.7879080554849497,0.02,0.0,0.71,0.02,0.25
16,0.8126201902602926,0.02,0.0,0.73,0.03,0.22
17,0.7792585658627285,0.0,0.0,0.71,0.03,0.26
18,0.7977584686684658,0.0,0.0,0.75,0.01,0.24
19,0.8256675772754621,0.0,0.0,0.77,0.0,0.23
20,0.834481308025629,0.0,0.0,0.73,0.0,0.27
21,0.8533143035984918,0.0,0.0,0.76,0.0,0.24
22,0.817737265185731,0.0,0.0,0.75,0.0,0.25
23,0.8263304111931435,0.01,0.0,0.75,0.0,0.24
24,0.8147840780481944,0.01,0.0,0.8,0.0,0.19
25,0.844841638640782,0.0,0.0,0.84,0.0,0.16
26,0.822092559801861,0.01,0.0,0.77,0.0,0.22
27,0.8329956341271354,0.0,0.0,0.76,0.0,0.24
28,0.8247013543993065,0.0,0.0,0.76,0.0,0.24
29,0.8345952247269847,0.0,0.0,0.7,0.0,0.3
30,0.8218059508849715,0.01,0.0,0.69,0.0,0.3
31,0.8192593361633835,0.03,0.0,0.65,0.0,0.32
32,0.800793581282684,0.01,0.0,0.68,0.0,0.31
33,0.813402040903223,0.01,0.0,0.65,0.0,0.34
34,0.8219122027086462,0.0,0.0,0.66,0.0,0.34
35,0.7993282254519875,0.0,0.0,0.64,0.0,0.36
36,0.7973140177130216,0.0,0.0,0.63,0.0,0.37
37,0.8267352975605384,0.0,0.0,0.64,0.0,0.36
38,0.8293565985096844,0.0,0.0,0.67,0.0,0.33
39,0.8482175419637332,0.0,0.0,0.74,0.0,0.26
40,0.8337930735156591,0.0,0.0,0.81,0.0,0.19
41,0.8317269054449545,0.0,0.0,0.72,0.0,0.28
42,0.8393416552932313,0.0,0.0,0.78,0.0,0.22
43,0.8406180120656095,0.0,0.0,0.83,0.0,0.17
44,0.8489936051971761,0.0,0.0,0.83,0.0,0.17
45,0.8250458214627341,0.0,0.0,0.87,0.0,0.13
46,0.8196471463700064,0.0,0.0,0.89,0.0,0.11
47,0.8465917056137026,0.0,0.0,0.93,0.0,0.07
48,0.8381024307174233,0.0,0.0,0.92,0.0,0.08
49,0.8171078038181777,0.0,0.0,0.95,0.0,0.05
50,0.8386525193264618,0.0,0.0,0.94,0.0,0.06
51,0.8605189919120001,0.0,0.0,0.94,0.0,0.06
52,0.8366755817869516,0.0,0.0,0.94,0.0,0.06
53,0.8286280300135352,0.01,0.0,0.96,0.0,0.03
54,0.8598918586585589,0.01,0.0,0.93,0.0,0.06
55,0.8342315397169614,0.0,0.0,0.87,0.0,0.13
56,0.812143726940941,0.0,0.0,0.79,0.0,0.21
57,0.8392737907225427,0.0,0.0,0.89,0.0,0.11
58,0.8376296461383206,0.0,0.0,0.82,0.0,0.18
59,0.8479384486386385,0.0,0.0,0.84,0.0,0.16
60,0.8387836709762229,0.0,0.0,0.81,0.0,0.19
61,0.8659040252391748,0.0,0.0,0.9,0.0,0.1
62,0.8687098715517747,0.0,0.0,0.94,0.0,0.06
63,0.8421275466540584,0.0,0.0,0.91,0.0,0.09
64,0.8529205396544137,0.0,0.0,0.84,0.0,0.16
65,0.8372040255124504,0.0,0.0,0.79,0.0,0.21
66,0.8468713602236602,0.0,0.0,0.8,0.0,0.2
67,0.8352043947419077,0.0,0.0,0.83,0.0,0.17
68,0.8468120938947954,0.0,0.0,0.85,0.0,0.15
69,0.842788618269653,0.0,0.0,0.84,0.0,0.16
70,0.8441580509366345,0.0,0.0,0.77,0.0,0.23
71,0.8454410686816884,0.01,0.0,0.76,0.0,0.23
72,0.8406192061299482,0.0,0.0,0.69,0.0,0.31
73,0.8480780164397302,0.0,0.0,0.66,0.0,0.34
74,0.8453875614906071,0.0,0.0,0.61,0.0,0.39
75,0.8391367003776635,0.0,0.0,0.64,0.0,0.36
76,0.8254583210263112,0.0,0.0,0.61,0.0,0.39
77,0.8202400620339624,0.0,0.0,0.65,0.0,0.35
78,0.8501831554030042,0.0,0.0,0.64,0.0,0.36
79,0.8416008086534411,0.0,0.0,0.58,0.0,0.42
80,0.8351782322694378,0.0,0.0,0.61,0.0,0.39
81,0.8161627549800674,0.0,0.0,0.58,0.0,0.42
82,0.8223955222974092,0.0,0.0,0.63,0.0,0.37
83,0.8480983759523607,0.0,0.0,0.73,0.0,0.27
84,0.8277064983027982,0.0,0.0,0.72,0.0,0.28
85,0.8257769681877174,0.0,0.0,0.79,0.01,0.2
86,0.846572855234782,0.0,0.0,0.9,0.0,0.1
87,0.8474360185184104,0.0,0.0,0.85,0.0,0.15
88,0.857999022318551,0.0,0.0,0.86,0.0,0.14
89,0.8464967638895269,0.0,0.0,0.82,0.0,0.18
90,0.8531711105110812,0.0,0.0,0.82,0.0,0.18
91,0.8429823555295193,0.0,0.0,0.74,0.0,0.26
92,0.8467933387983777,0.0,0.0,0.73,0.0,0.27
93,0.8602357942215767,0.0,0.0,0.72,0.0,0.28
94,0.846173240013253,0.0,0.0,0.67,0.0,0.33
95,0.8435015833367265,0.0,0.0,0.66,0.0,0.34
96,0.8445384813010663,0.0,0.0,0.62,0.0,0.38
97,0.8641391946122876,0.0,0.0,0.64,0.0,0.36
98,0.835556081838162,0.0,0.0,0.67,0.0,0.33
99,0.5116666666666666,0.0,0.0,0.66,0.0,0.34
100,0.525,0.0,0.0,0.63,0.0,0.37
101,0.5310374156549402,0.0,0.0,0.58,0.0,0.42
102,0.5416666666666667,0.01,0.0,0.58,0.0,0.41
103,0.5539868309722427,0.04,0.0,0.54,0.0,0.42
104,0.5644299988337926,0.04,0.0,0.47,0.02,0.47
105,0.5616666666666665,0.05,0.0,0.48,0.02,0.45
106,0.5766666666666667,0.0,0.0,0.47,0.02,0.51
107,0.5983333333333333,0.0,0.0,0.53,0.04,0.43
108,0.6366666666666666,0.0,0.0,0.56,0.03,0.41
109,0.632704082321607,0.0,0.0,0.51,0.01,0.48
110,0.6698223467334776,0.0,0.0,0.56,0.03,0.41
111,0.6725483791814492,0.01,0.0,0.52,0.05,0.42
112,0.6778309134741001,0.0,0.0,0.46,0.03,0.51
113,0.7073465547894726,0.0,0.0,0.47,0.04,0.49
114,0.7102606192401525,0.02,0.0,0.47,0.02,0.49
115,0.7214001538606603,0.03,0.0,0.44,0.02,0.51
116,0.7183098570222044,0.0,0.0,0.43,0.02,0.55
117,0.7160544911947357,0.0,0.0,0.37,0.03,0.6
118,0.7325148931118944,0.0,0.0,0.35,0.05,0.6
119,0.7478498086250412,0.0,0.0,0.37,0.03,0.6
120,0.7599449330441389,0.0,0.0,0.24,0.03,0.73
121,0.7558062006540146,0.0,0.0,0.24,0.01,0.75
122,0.7676642477251951,0.0,0.0,0.16,0.01,0.83
123,0.7811357136068073,0.0,0.0,0.15,0.01,0.84
124,0.7811889423716076,0.0,0.0,0.12,0.03,0.85
125,0.7824330272008052,0.0,0.0,0.16,0.03,0.81
126,0.7612421501731016,0.0,0.0,0.13,0.01,0.86
127,0.7306921148337381,0.0,0.0,0.12,0.0,0.88
128,0.762290854575585,0.0,0.0,0.08,0.0,0.92
129,0.751700082877194,0.0,0.0,0.07,0.0,0.93
130,0.7348417999204129,0.0,0.0,0.1,0.01,0.89
131,0.7228306034249673,0.0,0.0,0.08,0.02,0.9
132,0.7495411703443637,0.0,0.0,0.12,0.02,0.86
133,0.7357137437172915,0.0,0.0,0.16,0.03,0.81
134,0.7405140472621055,0.0,0.0,0.11,0.04,0.85
135,0.7880253322312853,0.0,0.0,0.1,0.03,0.87
136,0.7823743615940154,0.0,0.0,0.06,0.04,0.9
137,0.7907457552236238,0.0,0.0,0.08,0.04,0.88
138,0.7973498236429661,0.0,0.0,0.16,0.01,0.83
139,0.780335606280889,0.0,0.0,0.19,0.0,0.81
140,0.8036503378896624,0.01,0.0,0.12,0.01,0.86
141,0.8048916022908397,0.0,0.0,0.13,0.02,0.85
142,0.8020117547321967,0.0,0.0,0.08,0.01,0.91
143,0.7904387563791377,0.0,0.0,0.01,0.03,0.96
144,0.7654026803823841,0.0,0.0,0.01,0.04,0.95
145,0.7801846724212831,0.0,0.0,0.05,0.0,0.95
146,0.7912566028143467,0.0,0.0,0.04,0.0,0.96
147,0.783005270134407,0.0,0.0,0.09,0.02,0.89
148,0.7929094651644213,0.01,0.0,0.07,0.01,0.91
149,0.8040613229608963,0.01,0.0,0.09,0.0,0.9
150,0.8078832696847073,0.0,0.0,0.12,0.0,0.88
151,0.7961352786487055,0.0,0.0,0.03,0.0,0.97
152,0.7871644435632247,0.0,0.0,0.03,0.01,0.96
153,0.7862789805978792,0.0,0.0,0.05,0.01,0.94
154,0.7859085828245589,0.0,0.0,0.02,0.03,0.95
155,0.7944026198437406,0.0,0.0,0.0,0.05,0.95
156,0.7943255681412047,0.0,0.0,0.02,0.06,0.92
157,0.8008176370282911,0.0,0.0,0.02,0.04,0.94
158,0.8191276129557181,0.0,0.0,0.05,0.07,0.88
159,0.8189553068818703,0.0,0.0,0.12,0.11,0.77
160,0.811841888093896,0.0,0.0,0.13,0.1,0.77
161,0.8278550894461248,0.0,0.0,0.1,0.11,0.79
162,0.8225110372343113,0.0,0.0,0.07,0.1,0.83
163,0.8472133908798579,0.01,0.0,0.11,0.1,0.78
164,0.8345953799753092,0.0,0.0,0.12,0.07,0.81
165,0.8307342901446382,0.0,0.0,0.09,0.08,0.83
166,0.8359670392421408,0.0,0.0,0.06,0.14,0.8
167,0.8254739572474787,0.0,0.0,0.04,0.2,0.76
168,0.8237458197362041,0.0,0.0,0.03,0.19,0.78
169,0.8306904471380296,0.0,0.0,0.04,0.18,0.78
170,0.8346216298804902,0.0,0.0,0.03,0.21,0.76
171,0.8434439154116044,0.0,0.0,0.04,0.15,0.81
172,0.8478893835479991,0.0,0.0,0.07,0.12,0.81
173,0.8537201981539517,0.0,0.0,0.11,0.11,0.78
174,0.8515529785772838,0.0,0.0,0.1,0.12,0.78
175,0.8692414488507196,0.0,0.0,0.09,0.1,0.81
176,0.8575052271431696,0.0,0.0,0.05,0.16,0.79
177,0.8697954207335254,0.0,0.0,0.04,0.12,0.84
178,0.8335060926204148,0.0,0.0,0.04,0.18,0.78
179,0.8430614934127411,0.0,0.0,0.01,0.18,0.81
180,0.8391208191944641,0.0,0.0,0.01,0.25,0.74
181,0.8644803507213017,0.0,0.0,0.03,0.18,0.79
182,0.8527462498557129,0.0,0.0,0.0,0.14,0.86
183,0.8437552536491008,0.0,0.0,0.01,0.12,0.87
184,0.8454490995151122,0.0,0.0,0.01,0.08,0.91
185,0.8415722758190998,0.0,0.0,0.02,0.07,0.91
186,0.842718110065753,0.0,0.0,0.01,0.09,0.9
187,0.8490770836708396,0.0,0.0,0.02,0.06,0.92
188,0.8341343307538707,0.0,0.0,0.04,0.02,0.94
189,0.8438378352866068,0.0,0.0,0.09,0.01,0.9
190,0.8466048053304261,0.0,0.0,0.12,0.03,0.85
191,0.8323011551148608,0.0,0.0,0.11,0.02,0.87
192,0.8244647539967173,0.0,0.0,0.09,0.0,0.91
193,0.8320634652209865,0.0,0.0,0.15,0.02,0.83
194,0.8455856264234286,0.0,0.0,0.13,0.02,0.85
195,0.8161747132872561,0.0,0.0,0.14,0.02,0.84
196,0.8557606792141256,0.0,0.0,0.12,0.04,0.84
197,0.855681970747242,0.0,0.0,0.1,0.06,0.84
198,0.8732539931383223,0.0,0.0,0.11,0.07,0.82
199,0.7283333333333336,0.0,0.0,0.1,0.1,0.8
200,0.7600000000000005,0.0,0.0,0.12,0.11,0.77
201,0.7536067404049622,0.0,0.0,0.14,0.12,0.74
202,0.7550000000000003,0.0,0.0,0.13,0.15,0.72
203,0.7631190890303914,0.0,0.0,0.08,0.14,0.78
204,0.7783333333333331,0.01,0.0,0.1,0.11,0.78
205,0.7783333333333334,0.0,0.0,0.09,0.09,0.82
206,0.7866666666666666,0.0,0.0,0.09,0.05,0.86
207,0.7767258294353536,0.0,0.0,0.13,0.06,0.81
208,0.7843186905778261,0.0,0.0,0.12,0.07,0.81
209,0.8062381780607828,0.0,0.0,0.09,0.04,0.87
210,0.8110239337578407,0.0,0.0,0.13,0.02,0.85
211,0.8024763561215654,0.0,0.0,0.17,0.0,0.83
212,0.8203812008490151,0.0,0.0,0.18,0.0,0.82
213,0.8193099793343059,0.0,0.0,0.17,0.0,0.83
214,0.827643312667639,0.0,0.0,0.18,0.01,0.81
215,0.8301196687892052,0.0,0.0,0.23,0.0,0.77
216,0.8163578468499878,0.01,0.0,0.22,0.0,0.77
217,0.832762981456844,0.01,0.0,0.14,0.0,0.85
218,0.844596604669584,0.0,0.0,0.13,0.0,0.87
219,0.843846077983372,0.0,0.0,0.15,0.0,0.85
220,0.855025093275468,0.0,0.0,0.12,0.0,0.88
221,0.8512632713362508,0.0,0.0,0.09,0.0,0.91
222,0.8491681160637005,0.0,0.0,0.07,0.0,0.93
223,0.8493627849203965,0.0,0.0,0.1,0.0,0.9
224,0.8456585405616296,0.0,0.0,0.11,0.0,0.89
225,0.821263271336251,0.0,0.0,0.1,0.0,0.9
226,0.84390658400389,0.0,0.0,0.09,0.0,0.91
227,0.8917641409744712,0.0,0.0,0.07,0.0,0.93
228,0.9088120084901532,0.0,0.0,0.1,0.0,0.9
229,0.9214553211577923,0.0,0.0,0.13,0.0,0.87
230,0.9200028987940674,0.0,0.0,0.16,0.0,0.84
231,0.9087647207332846,0.0,0.0,0.15,0.0,0.85
232,0.9062883646117182,0.0,0.0,0.13,0.0,0.87
233,0.8948632227169081,0.0,0.0,0.16,0.0,0.84
234,0.9131219878244591,0.0,0.0,0.22,0.0,0.78
235,0.9116968459296482,0.0,0.0,0.24,0.0,0.76
236,0.8977407869754437,0.0,0.0,0.28,0.0,0.72
237,0.8857520822284489,0.0,0.0,0.23,0.0,0.77
238,0.8789776217843956,0.0,0.0,0.16,0.0,0.84
239,0.8926921559667441,0.0,0.0,0.27,0.0,0.73
240,0.8919310975205447,0.0,0.0,0.25,0.01,0.74
241,0.8983362321274008,0.0,0.0,0.34,0.0,0.66
242,0.9089908400480452,0.0,0.0,0.3,0.0,0.7
243,0.9125384176843201,0.0,0.0,0.37,0.0,0.63
244,0.9108125882489668,0.0,0.0,0.38,0.0,0.62
245,0.9412529518666688,0.0,0.0,0.42,0.0,0.58
246,0.9438843895224897,0.0,0.0,0.48,0.0,0.52
247,0.9446940789773889,0.0,0.0,0.54,0.0,0.46
248,0.9406102189578434,0.0,0.0,0.48,0.0,0.52
249,0.9298596922716316,0.0,0.0,0.49,0.0,0.51
250,0.913144394596265,0.0,0.0,0.4,0.0,0.6
251,0.9229301502933231,0.0,0.0,0.46,0.0,0.54
252,0.930347343646202,0.0,0.0,0.5,0.0,0.5
253,0.9423360483931973,0.0,0.0,0.53,0.0,0.47
254,0.9305510561891566,0.0,0.0,0.55,0.0,0.45
255,0.932491129927452,0.0,0.0,0.54,0.0,0.46
256,0.9194784914226161,0.0,0.0,0.49,0.0,0.51
257,0.9064882596895859,0.0,0.0,0.41,0.0,0.59
258,0.9073347051413658,0.0,0.0,0.38,0.0,0.62
259,0.9054537941717575,0.0,0.0,0.43,0.0,0.57
260,0.8962516086148381,0.0,0.0,0.38,0.0,0.62
261,0.9235623514421613,0.0,0.0,0.38,0.0,0.62
262,0.9103840996430829,0.0,0.0,0.41,0.0,0.59
263,0.9070507663097497,0.0,0.0,0.38,0.0,0.62
264,0.9055983439460249,0.0,0.0,0.3,0.0,0.7
265,0.9010268325519085,0.0,0.0,0.37,0.0,0.63
266,0.9145681613412822,0.0,0.0,0.31,0.0,0.69
267,0.9240986338254317,0.0,0.0,0.29,0.0,0.71
268,0.8934931733556892,0.0,0.0,0.33,0.0,0.67
269,0.9180747000675907,0.0,0.0,0.4,0.0,0.6
270,0.922646211461707,0.0,0.0,0.42,0.0,0.58
271,0.9240986338254319,0.0,0.0,0.44,0.0,0.56
272,0.9147686472031712,0.0,0.0,0.41,0.0,0.59
273,0.9055983439460249,0.0,0.0,0.36,0.0,0.64
274,0.8960268325519087,0.0,0.0,0.33,0.0,0.67
275,0.8840062455051408,0.0,0.0,0.33,0.0,0.67
276,0.8746489784139665,0.0,0.0,0.26,0.0,0.74
277,0.9015144839264798,0.0,0.0,0.24,0.0,0.76
278,0.924264247119674,0.0,0.0,0.35,0.0,0.65
279,0.9175656981532347,0.0,0.0,0.35,0.0,0.65
280,0.9090013718080325,0.0,0.0,0.36,0.0,0.64
281,0.9175016616874393,0.0,0.0,0.41,0.0,0.59
282,0.9420731730815554,0.0,0.0,0.47,0.0,0.53
283,0.9451922621119471,0.0,0.0,0.51,0.0,0.49
284,0.9314590405458587,0.0,0.0,0.52,0.0,0.48
285,0.9310492393237143,0.0,0.0,0.46,0.0,0.54
286,0.9146335729568706,0.0,0.0,0.5,0.0,0.5
287,0.9405510561891565,0.0,0.0,0.52,0.0,0.48
288,0.9515749899469972,0.0,0.0,0.54,0.0,0.46
289,0.9328604557646487,0.0,0.0,0.53,0.0,0.47
290,0.9256575067147117,0.0,0.0,0.54,0.0,0.46
291,0.9235031886734746,0.0,0.0,0.53,0.0,0.47
292,0.9189589577482722,0.0,0.0,0.53,0.0,0.47
293,0.915625624414939,0.0,0.0,0.45,0.0,0.55
294,0.9064553211577924,0.0,0.0,0.4,0.01,0.59
295,0.9131219878244591,0.0,0.0,0.36,0.02,0.62
296,0.9181811505931461,0.0,0.0,0.39,0.01,0.6
297,0.9355024251804568,0.0,0.0,0.43,0.0,0.57
298,0.9247200161944719,0.0,0.0,0.35,0.0,0.65
299,0.6349999999999991,0.0,0.0,0.41,0.0,0.59
300,0.641666666666666,0.0,0.0,0.42,0.0,0.58
301,0.6583333333333328,0.0,0.0,0.39,0.0,0.61
302,0.6649999999999995,0.0,0.0,0.36,0.0,0.64
303,0.6633333333333326,0.0,0.0,0.38,0.0,0.62
304,0.6666666666666662,0.0,0.0,0.41,0.0,0.59
305,0.6677500968703883,0.0,0.0,0.45,0.01,0.54
306,0.675500193740777,0.0,0.0,0.41,0.01,0.58
307,0.6825390389229166,0.0,0.0,0.28,0.01,0.71
308,0.6651299332151355,0.0,0.0,0.38,0.01,0.61
309,0.6741261516775652,0.0,0.0,0.25,0.01,0.74
310,0.6810834302037219,0.0,0.0,0.23,0.0,0.77
311,0.6860024002255186,0.0,0.0,0.19,0.0,0.81
312,0.6829596787516753,0.0,0.0,0.22,0.0,0.78
313,0.6817932058257864,0.0,0.0,0.19,0.0,0.81
314,0.6954171510186095,0.0,0.0,0.16,0.0,0.84
315,0.7031559783449556,0.0,0.0,0.16,0.0,0.84
316,0.7187392148079002,0.0,0.0,0.15,0.0,0.85
317,0.7337392148079003,0.0,0.0,0.07,0.0,0.93
318,0.7316666666666665,0.0,0.0,0.12,0.0,0.88
319,0.7397873179762766,0.0,0.0,0.1,0.01,0.89
320,0.7350000000000001,0.0,0.0,0.07,0.0,0.93
321,0.7472482790533594,0.0,0.0,0.08,0.01,0.91
322,0.7539149457200263,0.0,0.0,0.11,0.01,0.88
323,0.7666666666666667,0.0,0.0,0.06,0.01,0.93
324,0.7733333333333335,0.0,0.0,0.06,0.01,0.93
325,0.7666666666666668,0.0,0.0,0.04,0.01,0.95
326,0.7766666666666667,0.0,0.0,0.04,0.01,0.95
327,0.7800000000000002,0.0,0.0,0.05,0.0,0.95
328,0.8016666666666665,0.0,0.0,0.01,0.0,0.99
329,0.7899999999999996,0.0,0.0,0.02,0.0,0.98
330,0.7816666666666664,0.0,0.0,0.01,0.0,0.99
331,0.7683333333333334,0.0,0.0,0.02,0.0,0.98
332,0.7933333333333336,0.0,0.0,0.02,0.0,0.98
333,0.8033333333333327,0.0,0.0,0.01,0.01,0.98
334,0.8037392148079001,0.0,0.0,0.04,0.01,0.95
335,0.8033333333333332,0.0,0.0,0.03,0.01,0.96
336,0.8116666666666665,0.0,0.0,0.06,0.01,0.93
337,0.8066666666666668,0.0,0.0,0.03,0.03,0.94
338,0.7966666666666664,0.0,0.0,0.02,0.07,0.91
339,0.7955816123866929,0.01,0.0,0.01,0.05,0.93
340,0.7916666666666665,0.01,0.0,0.0,0.06,0.93
341,0.7999999999999998,0.0,0.0,0.0,0.03,0.97
342,0.8099999999999998,0.0,0.0,0.0,0.04,0.96
343,0.7883333333333334,0.0,0.0,0.0,0.04,0.96
344,0.7966666666666667,0.0,0.0,0.0,0.03,0.97
345,0.7900000000000001,0.0,0.0,0.0,0.05,0.95
346,0.7933333333333334,0.0,0.0,0.0,0.04,0.96
347,0.7874594850108986,0.0,0.0,0.0,0.01,0.99
348,0.7822482790533595,0.0,0.0,0.0,0.02,0.98
349,0.7872482790533593,0.0,0.0,0.0,0.01,0.99
350,0.788333333333333,0.0,0.0,0.0,0.01,0.99
351,0.788333333333333,0.0,0.0,0.01,0.01,0.98
352,0.7854058814745669,0.0,0.0,0.01,0.01,0.98
353,0.7924784296158001,0.0,0.0,0.0,0.02,0.98
354,0.7937392148079,0.0,0.0,0.0,0.02,0.98
355,0.788914945720026,0.0,0.0,0.0,0.02,0.98
356,0.7866666666666666,0.0,0.0,0.0,0.02,0.98
357,0.803333333333333,0.0,0.0,0.0,0.01,0.99
358,0.805,0.0,0.0,0.0,0.01,0.99
359,0.8107928183442319,0.0,0.0,0.0,0.02,0.98
360,0.7972482790533593,0.0,0.0,0.02,0.02,0.96
361,0.8125390389229166,0.0,0.0,0.03,0.0,0.97
362,0.8058723722562499,0.0,0.0,0.06,0.0,0.94
363,0.8008723722562499,0.0,0.0,0.08,0.0,0.92
364,0.8122287038329006,0.0,0.0,0.06,0.02,0.92
365,0.8238414850183734,0.0,0.0,0.11,0.01,0.88
366,0.8185265327841763,0.0,0.0,0.14,0.02,0.84
367,0.7940285912588508,0.0,0.0,0.13,0.03,0.84
368,0.7996101109979658,0.0,0.0,0.12,0.0,0.88
369,0.7992057055895831,0.0,0.0,0.16,0.0,0.84
370,0.7967447445125001,0.0,0.0,0.21,0.01,0.78
371,0.8092057055895833,0.0,0.0,0.16,0.01,0.83
372,0.8117447445125002,0.0,0.0,0.22,0.0,0.78
373,0.8056596902325265,0.0,0.0,0.21,0.01,0.78
374,0.7922482790533593,0.0,0.0,0.19,0.01,0.8
375,0.8020355970296358,0.0,0.0,0.22,0.02,0.76
376,0.7997873179762762,0.0,0.0,0.22,0.01,0.77
377,0.8087022636963022,0.0,0.0,0.29,0.03,0.68
378,0.8067432684463156,0.0,0.0,0.26,0.01,0.73
379,0.8166651906004819,0.0,0.0,0.23,0.02,0.75
380,0.8015841606222791,0.0,0.0,0.25,0.05,0.7
381,0.8098882870696151,0.0,0.0,0.16,0.03,0.81
382,0.8065673895241224,0.0,0.0,0.15,0.05,0.8
383,0.8116602257241483,0.0,0.0,0.09,0.05,0.86
384,0.8031628196904448,0.0,0.0,0.06,0.03,0.91
385,0.8186145521179359,0.0,0.0,0.03,0.03,0.94
386,0.8218192539889231,0.0,0.0,0.01,0.04,0.95
387,0.8282705140688259,0.0,0.0,0.0,0.04,0.96
388,0.8233822948737536,0.0,0.0,0.0,0.04,0.96
389,0.8272567080244546,0.0,0.0,0.0,0.04,0.96
390,0.8341359087047776,0.0,0.0,0.0,0.06,0.94
391,0.8253023816306668,0.0,0.0,0.0,0.05,0.95
392,0.8303547414006526,0.0,0.0,0.0,0.04,0.96
393,0.8197768555461411,0.0,0.0,0.0,0.02,0.98
394,0.814515121037481,0.0,0.0,0.01,0.03,0.96
395,0.7923630956683735,0.0,0.0,0.02,0.05,0.93
396,0.8196609609246055,0.0,0.0,0.0,0.06,0.94
397,0.8040983914006796,0.0,0.0,0.01,0.05,0.94
398,0.8177647115848985,0.0,0.0,0.04,0.03,0.93
399,0.7033333333333331,0.0,0.0,0.04,0.01,0.95
400,0.7400000000000005,0.0,0.0,0.04,0.01,0.95
401,0.7566666666666664,0.0,0.0,0.02,0.01,0.97
402,0.7616666666666667,0.0,0.0,0.01,0.0,0.99
403,0.7783333333333333,0.0,0.0,0.0,0.01,0.99
404,0.763333333333333,0.0,0.0,0.0,0.02,0.98
405,0.7733333333333334,0.0,0.0,0.0,0.02,0.98
406,0.7916666666666664,0.0,0.0,0.0,0.0,1.0
407,0.7916666666666667,0.0,0.0,0.0,0.0,1.0
408,0.7816666666666668,0.0,0.0,0.0,0.0,1.0
409,0.7916666666666664,0.0,0.0,0.0,0.0,1.0
410,0.79,0.0,0.0,0.0,0.0,1.0
411,0.7999999999999996,0.0,0.0,0.0,0.0,1.0
412,0.7949999999999998,0.0,0.0,0.0,0.0,1.0
413,0.7983333333333335,0.0,0.0,0.0,0.0,1.0
414,0.7999999999999997,0.0,0.0,0.0,0.0,1.0
415,0.7983333333333329,0.0,0.0,0.0,0.0,1.0
416,0.7849999999999997,0.0,0.0,0.0,0.0,1.0
417,0.7966666666666664,0.0,0.0,0.01,0.0,0.99
418,0.7966666666666665,0.0,0.0,0.02,0.0,0.98
419,0.8066666666666662,0.0,0.0,0.05,0.0,0.95
420,0.8166666666666664,0.0,0.0,0.09,0.0,0.91
421,0.8121114412622652,0.0,0.0,0.08,0.0,0.92
422,0.8099999999999996,0.0,0.0,0.08,0.0,0.92
423,0.805,0.0,0.0,0.19,0.0,0.81
424,0.8166666666666664,0.0,0.0,0.19,0.0,0.81
425,0.7986138009903345,0.0,0.0,0.19,0.0,0.81
426,0.8099999999999998,0.0,0.0,0.17,0.01,0.82
427,0.8036138009903341,0.0,0.0,0.17,0.01,0.82
428,0.8133333333333332,0.0,0.0,0.18,0.0,0.82
429,0.8209735671618337,0.0,0.0,0.23,0.0,0.77
430,0.838056399791251,0.0,0.0,0.21,0.0,0.79
431,0.8394461329158358,0.0,0.0,0.25,0.0,0.75
432,0.8291691993737536,0.0,0.0,0.26,0.01,0.73
433,0.8369486656229229,0.0,0.0,0.24,0.0,0.76
434,0.8452819989562563,0.01,0.0,0.28,0.0,0.71
435,0.85583586604042,0.01,0.0,0.33,0.0,0.66
436,0.854446132915836,0.03,0.0,0.34,0.0,0.63
437,0.8683333333333328,0.01,0.0,0.4,0.0,0.59
438,0.8733333333333332,0.0,0.0,0.45,0.0,0.55
439,0.8733333333333329,0.01,0.0,0.45,0.0,0.54
440,0.8783333333333334,0.02,0.0,0.5,0.0,0.48
441,0.8733333333333332,0.02,0.0,0.5,0.0,0.48
442,0.9000000000000001,0.02,0.0,0.6,0.0,0.38
443,0.8933333333333333,0.03,0.0,0.62,0.0,0.35
444,0.9043069004951674,0.01,0.0,0.77,0.0,0.22
445,0.9080850084240997,0.03,0.0,0.74,0.0,0.23
446,0.9116666666666667,0.03,0.0,0.75,0.0,0.22
447,0.896947134323668,0.06,0.0,0.72,0.0,0.22
448,0.8919471343236676,0.04,0.0,0.78,0.01,0.17
449,0.8983333333333331,0.06,0.0,0.76,0.01,0.17
450,0.9359735671618339,0.06,0.0,0.82,0.0,0.12
451,0.9200000000000003,0.06,0.0,0.74,0.0,0.2
452,0.9233333333333331,0.05,0.0,0.71,0.0,0.24
453,0.9116666666666667,0.08,0.0,0.66,0.0,0.26
454,0.8909735671618338,0.08,0.0,0.66,0.01,0.25
455,0.9299999999999998,0.07,0.0,0.7,0.0,0.23
456,0.9416666666666669,0.02,0.0,0.81,0.0,0.17
457,0.9516666666666669,0.02,0.0,0.86,0.0,0.12
458,0.9583333333333336,0.02,0.0,0.88,0.0,0.1
459,0.9549999999999998,0.01,0.0,0.87,0.0,0.12
460,0.9409735671618339,0.02,0.0,0.81,0.01,0.16
461,0.94,0.01,0.0,0.8,0.0,0.19
462,0.9283333333333332,0.0,0.0,0.78,0.0,0.22
463,0.9483333333333333,0.0,0.0,0.84,0.0,0.16
464,0.9316666666666668,0.0,0.0,0.85,0.0,0.15
465,0.9466666666666665,0.0,0.0,0.87,0.0,0.13
466,0.940973567161834,0.0,0.0,0.91,0.0,0.09
467,0.9650000000000003,0.0,0.0,0.93,0.0,0.07
468,0.965,0.0,0.0,0.95,0.0,0.05
469,0.9626402338285007,0.0,0.0,0.96,0.0,0.04
470,0.9816666666666667,0.0,0.0,0.96,0.0,0.04
471,0.9716666666666667,0.01,0.0,0.94,0.0,0.05
472,0.9600000000000004,0.02,0.0,0.9,0.0,0.08
473,0.9443069004951673,0.02,0.0,0.88,0.0,0.1
474,0.9616666666666667,0.02,0.0,0.92,0.0,0.06
475,0.96,0.01,0.0,0.91,0.0,0.08
476,0.9633333333333332,0.01,0.0,0.93,0.0,0.06
477,0.9676402338285007,0.01,0.0,0.94,0.0,0.05
478,0.97,0.0,0.0,0.93,0.0,0.07
479,0.9616666666666669,0.01,0.0,0.87,0.0,0.12
480,0.9366666666666668,0.01,0.0,0.83,0.0,0.16
481,0.9416666666666668,0.0,0.0,0.84,0.0,0.16
482,0.9336138009903344,0.0,0.0,0.89,0.0,0.11
483,0.9250000000000002,0.0,0.0,0.85,0.0,0.15
484,0.9483333333333335,0.01,0.0,0.9,0.0,0.09
485,0.9616666666666666,0.0,0.0,0.89,0.0,0.11
486,0.9533333333333333,0.0,0.0,0.85,0.0,0.15
487,0.9286138009903343,0.0,0.0,0.86,0.0,0.14
488,0.9443069004951671,0.01,0.0,0.85,0.0,0.14
489,0.9716666666666666,0.0,0.0,0.91,0.0,0.09
490,0.9309735671618342,0.0,0.0,0.79,0.0,0.21
491,0.9159735671618336,0.0,0.0,0.75,0.0,0.25
492,0.9516666666666667,0.0,0.0,0.81,0.0,0.19
493,0.9409735671618339,0.0,0.0,0.8,0.0,0.2
494,0.9243069004951672,0.0,0.0,0.78,0.0,0.22
495,0.9459735671618339,0.0,0.0,0.84,0.0,0.16
496,0.9476402338285004,0.0,0.0,0.83,0.0,0.17
497,0.9359735671618339,0.0,0.0,0.79,0.0,0.21
498,0.9566666666666666,0.0,0.0,0.86,0.0,0.14
499,0.4966666666666667,0.0,0.0,0.92,0.0,0.08
500,0.5307932458718135,0.0,0.0,0.93,0.0,0.07
501,0.5092167058997432,0.0,0.0,0.92,0.0,0.08
502,0.5681080310988285,0.01,0.0,0.86,0.0,0.13
503,0.5716856582153785,0.01,0.0,0.88,0.0,0.11
504,0.6116856582153786,0.01,0.0,0.88,0.0,0.11
505,0.6672246585324187,0.01,0.0,0.9,0.0,0.09
506,0.7189898770563077,0.01,0.0,0.84,0.0,0.15
507,0.7343956126951844,0.0,0.0,0.85,0.0,0.15
508,0.7667558981432286,0.0,0.0,0.86,0.0,0.14
509,0.7558076495542622,0.0,0.0,0.8,0.0,0.2
510,0.7628136492283183,0.0,0.0,0.75,0.0,0.25
511,0.7658634857996635,0.0,0.0,0.8,0.0,0.2
512,0.7613912763448687,0.0,0.0,0.85,0.0,0.15
513,0.771680726609324,0.01,0.0,0.85,0.0,0.14
514,0.7528281125002694,0.02,0.0,0.82,0.0,0.16
515,0.7477186100041456,0.0,0.0,0.9,0.0,0.1
516,0.7475642666987977,0.0,0.0,0.83,0.0,0.17
517,0.7623493199392917,0.0,0.0,0.81,0.0,0.19
518,0.7876778064925053,0.0,0.0,0.77,0.0,0.23
519,0.7685658715936843,0.0,0.0,0.75,0.0,0.25
520,0.781461575862221,0.0,0.0,0.62,0.0,0.38
521,0.7739814518936814,0.0,0.0,0.52,0.0,0.48
522,0.7935631638445995,0.0,0.0,0.52,0.0,0.48
523,0.7990372881390829,0.0,0.0,0.61,0.0,0.39
524,0.8047557062167827,0.0,0.0,0.55,0.0,0.45
525,0.8094832048909717,0.0,0.0,0.56,0.0,0.44
526,0.7988074576278165,0.0,0.0,0.52,0.0,0.48
527,0.7992815819222997,0.0,0.0,0.49,0.0,0.51
528,0.7859110012692172,0.0,0.0,0.37,0.0,0.63
529,0.7937173309332202,0.0,0.0,0.28,0.0,0.72
530,0.7838350863306236,0.0,0.0,0.29,0.0,0.71
531,0.7783333333333331,0.0,0.0,0.31,0.0,0.69
532,0.7847208369278016,0.0,0.0,0.26,0.0,0.74
533,0.7882834219326145,0.0,0.0,0.24,0.0,0.76
534,0.7823910095890493,0.0,0.0,0.27,0.0,0.73
535,0.8007610261335555,0.0,0.0,0.34,0.0,0.66
536,0.8060636257465064,0.0,0.0,0.29,0.0,0.71
537,0.7981719256585386,0.0,0.0,0.33,0.0,0.67
538,0.7914364621181207,0.0,0.0,0.3,0.0,0.7
539,0.7999689488357938,0.0,0.0,0.29,0.0,0.71
540,0.8109623378236374,0.0,0.0,0.23,0.0,0.77
541,0.7989313656795065,0.0,0.0,0.15,0.0,0.85
542,0.8070070119891628,0.0,0.0,0.16,0.0,0.84
543,0.803345410832302,0.0,0.0,0.15,0.0,0.85
544,0.8110718557172147,0.0,0.0,0.18,0.0,0.82
545,0.8056155543973919,0.0,0.0,0.17,0.0,0.83
546,0.7823331218493114,0.0,0.0,0.16,0.0,0.84
547,0.8140577536706776,0.0,0.0,0.16,0.0,0.84
548,0.8035984436783287,0.0,0.0,0.13,0.0,0.87
549,0.7892564410806622,0.0,0.0,0.12,0.0,0.88
550,0.7851392348072855,0.0,0.0,0.1,0.0,0.9
551,0.7729888141256197,0.0,0.0,0.13,0.0,0.87
552,0.7726048165257327,0.0,0.0,0.11,0.0,0.89
553,0.7822913627062802,0.0,0.0,0.1,0.0,0.9
554,0.7775985574024046,0.0,0.0,0.07,0.0,0.93
555,0.7906313580840603,0.0,0.0,0.09,0.0,0.91
556,0.7801799191105476,0.0,0.0,0.09,0.0,0.91
557,0.755792765758855,0.0,0.0,0.15,0.0,0.85
558,0.7857592122113644,0.0,0.0,0.16,0.0,0.84
559,0.7692316705215813,0.0,0.0,0.18,0.0,0.82
560,0.7937973588979166,0.0,0.0,0.24,0.0,0.76
561,0.7943450692986231,0.0,0.0,0.33,0.0,0.67
562,0.7917104287744594,0.0,0.0,0.31,0.0,0.69
563,0.7970266629496798,0.0,0.0,0.29,0.0,0.71
564,0.8091001966756193,0.0,0.0,0.3,0.0,0.7
565,0.8089571177014334,0.0,0.0,0.35,0.0,0.65
566,0.8176773326004652,0.0,0.0,0.45,0.0,0.55
567,0.8267841136075106,0.0,0.0,0.44,0.0,0.56
568,0.8070694293339952,0.0,0.0,0.44,0.0,0.56
569,0.8213326825556863,0.0,0.0,0.49,0.0,0.51
570,0.8140112106318752,0.0,0.0,0.52,0.01,0.47
571,0.7993950239343228,0.0,0.0,0.41,0.01,0.58
572,0.7810844490357985,0.0,0.0,0.37,0.01,0.62
573,0.7895966563869783,0.0,0.0,0.39,0.02,0.59
574,0.7988082966177091,0.0,0.0,0.44,0.01,0.55
575,0.7955203418480052,0.0,0.0,0.43,0.02,0.55
576,0.8091295964619418,0.0,0.0,0.45,0.02,0.53
577,0.807012610222477,0.0,0.0,0.36,0.01,0.63
578,0.8175845123424782,0.0,0.0,0.33,0.0,0.67
579,0.8202950152572701,0.0,0.0,0.34,0.0,0.66
580,0.8058048994984413,0.0,0.0,0.35,0.0,0.65
581,0.8228607026785162,0.0,0.0,0.37,0.0,0.63
582,0.8013882292099423,0.0,0.0,0.36,0.0,0.64
583,0.792612894496825,0.0,0.0,0.33,0.0,0.67
584,0.8027550419773846,0.0,0.0,0.28,0.0,0.72
585,0.7875621165929267,0.0,0.0,0.23,0.0,0.77
586,0.8074841738663412,0.0,0.0,0.23,0.0,0.77
587,0.8312242592992815,0.0,0.0,0.18,0.0,0.82
588,0.8169789226284767,0.0,0.0,0.23,0.0,0.77
589,0.8073758328793025,0.0,0.0,0.23,0.0,0.77
590,0.8097749126642675,0.0,0.0,0.25,0.0,0.75
591,0.8310093568419261,0.0,0.0,0.25,0.0,0.75
592,0.8356364629517601,0.0,0.0,0.17,0.0,0.83
593,0.835631404610257,0.0,0.0,0.15,0.0,0.85
594,0.8307347483285862,0.0,0.0,0.1,0.0,0.9
595,0.8320658448723754,0.0,0.0,0.04,0.0,0.96
596,0.8287959748357765,0.0,0.0,0.03,0.0,0.97
597,0.8361607863103554,0.0,0.0,0.05,0.0,0.95
598,0.8286170016402786,0.0,0.0,0.02,0.0,0.98
599,0.7033333333333335,0.0,0.0,0.03,0.0,0.97
600,0.71,0.0,0.0,0.07,0.0,0.93
601,0.7190454176702843,0.0,0.0,0.08,0.0,0.92
602,0.7266479598542513,0.0,0.0,0.11,0.0,0.89
603,0.7423600441912024,0.0,0.0,0.14,0.0,0.86
604,0.7579183304488015,0.0,0.0,0.19,0.0,0.81
605,0.7557289654542777,0.0,0.0,0.2,0.0,0.8
606,0.7627243825595919,0.0,0.0,0.24,0.0,0.76
607,0.7871154317858514,0.0,0.0,0.3,0.0,0.7
608,0.7931731476787768,0.0,0.0,0.28,0.0,0.72
609,0.7916666666666664,0.0,0.0,0.4,0.0,0.6
610,0.7999999999999996,0.0,0.0,0.37,0.0,0.63
611,0.8033333333333337,0.0,0.0,0.44,0.0,0.56
612,0.8104487651191847,0.0,0.0,0.43,0.0,0.57
613,0.8302885794646282,0.0,0.0,0.44,0.0,0.56
614,0.818173147678777,0.0,0.0,0.43,0.0,0.57
615,0.8104487651191845,0.0,0.0,0.45,0.0,0.55
616,0.8121154317858512,0.0,0.0,0.49,0.0,0.51
617,0.8256276460283661,0.0,0.0,0.59,0.0,0.41
618,0.8322742075774094,0.0,0.0,0.61,0.0,0.39
619,0.829838404482446,0.0,0.0,0.53,0.0,0.47
620,0.8333488045876619,0.0,0.0,0.61,0.0,0.39
621,0.8287029381314278,0.0,0.0,0.55,0.0,0.45
622,0.809885667581259,0.0,0.0,0.5,0.0,0.5
623,0.8174512743492923,0.0,0.0,0.41,0.0,0.59
624,0.8084921091248917,0.0,0.0,0.36,0.0,0.64
625,0.8009265023568581,0.0,0.0,0.35,0.0,0.65
626,0.8314332117130201,0.0,0.0,0.27,0.0,0.73
627,0.8215905776415814,0.0,0.0,0.22,0.0,0.78
628,0.8435168516543874,0.0,0.0,0.2,0.0,0.8
629,0.8670365230347707,0.0,0.0,0.21,0.0,0.79
630,0.8565863480525878,0.0,0.0,0.24,0.0,0.76
631,0.8705417662743108,0.0,0.0,0.22,0.0,0.78
632,0.8856320739897159,0.0,0.0,0.24,0.01,0.75
633,0.8828166368504327,0.0,0.0,0.17,0.01,0.82
634,0.8753806836984852,0.0,0.0,0.09,0.0,0.91
635,0.8889100733615436,0.0,0.0,0.07,0.0,0.93
636,0.8974518183037352,0.0,0.0,0.02,0.0,0.98
637,0.8979005834229197,0.0,0.0,0.03,0.0,0.97
638,0.90833543334299,0.0,0.0,0.02,0.0,0.98
639,0.9089304689176165,0.0,0.0,0.02,0.0,0.98
640,0.8987856083251728,0.0,0.0,0.05,0.0,0.95
641,0.8899745377541655,0.0,0.0,0.05,0.01,0.94
642,0.8861910294386501,0.0,0.0,0.05,0.0,0.95
643,0.895653938101001,0.0,0.0,0.05,0.0,0.95
644,0.8893491201980532,0.0,0.0,0.06,0.0,0.94
645,0.8913057761923454,0.0,0.0,0.06,0.0,0.94
646,0.8920735027576453,0.0,0.0,0.07,0.0,0.93
647,0.8905380496270461,0.0,0.0,0.11,0.0,0.89
648,0.908421207978197,0.0,0.0,0.14,0.0,0.86
649,0.8960876463008114,0.0,0.0,0.08,0.0,0.92
650,0.8924643236398517,0.0,0.0,0.09,0.0,0.91
651,0.8894798221022416,0.0,0.0,0.11,0.0,0.89
652,0.899840772634841,0.0,0.0,0.09,0.0,0.91
653,0.89489820523994,0.0,0.0,0.07,0.0,0.93
654,0.8833053195042414,0.0,0.0,0.05,0.0,0.95
655,0.8726977785934983,0.0,0.0,0.05,0.0,0.95
656,0.8744383446476359,0.0,0.0,0.02,0.0,0.98
657,0.8678150769304509,0.0,0.0,0.04,0.0,0.96
658,0.8729159084850322,0.0,0.0,0.02,0.0,0.98
659,0.8694561163756179,0.0,0.0,0.0,0.0,1.0
660,0.8809327270381203,0.0,0.0,0.0,0.0,1.0
661,0.8919601658669474,0.0,0.0,0.0,0.0,1.0
662,0.8800235836092654,0.0,0.0,0.01,0.0,0.99
663,0.8653026593881284,0.0,0.0,0.02,0.0,0.98
664,0.8815901109677359,0.0,0.0,0.03,0.0,0.97
665,0.8802590048837321,0.0,0.0,0.04,0.0,0.96
666,0.9197060250425356,0.0,0.0,0.06,0.0,0.94
667,0.8982550184392796,0.0,0.0,0.07,0.0,0.93
668,0.8975182581459115,0.0,0.0,0.05,0.0,0.95
669,0.9095169032266877,0.0,0.0,0.07,0.0,0.93
670,0.8915661750305028,0.0,0.0,0.04,0.0,0.96
671,0.885907793114347,0.0,0.0,0.08,0.0,0.92
672,0.8896034881531263,0.0,0.0,0.12,0.0,0.88
673,0.8952351458407367,0.0,0.0,0.12,0.0,0.88
674,0.8950822277130915,0.0,0.0,0.07,0.0,0.93
675,0.904571625870796,0.0,0.0,0.09,0.0,0.91
676,0.892716273309607,0.0,0.0,0.11,0.0,0.89
677,0.904408711855014,0.0,0.0,0.11,0.0,0.89
678,0.898064717008953,0.0,0.0,0.12,0.0,0.88
679,0.8871519692737191,0.0,0.0,0.08,0.0,0.92
680,0.878820278587867,0.0,0.0,0.07,0.0,0.93
681,0.88784806918741,0.0,0.0,0.04,0.0,0.96
682,0.8974607568117944,0.0,0.0,0.04,0.0,0.96
683,0.9112115337780529,0.0,0.0,0.06,0.0,0.94
684,0.9097570379510128,0.0,0.0,0.1,0.0,0.9
685,0.9171051436060447,0.0,0.0,0.19,0.0,0.81
686,0.9155625566863576,0.0,0.0,0.19,0.0,0.81
687,0.9275115426491396,0.0,0.0,0.21,0.01,0.78
688,0.9014256261125557,0.0,0.0,0.2,0.01,0.79
689,0.9052768556399394,0.0,0.0,0.22,0.0,0.78
690,0.913526631067414,0.0,0.0,0.15,0.0,0.85
691,0.9252007079226391,0.0,0.0,0.26,0.0,0.74
692,0.9338626296199942,0.0,0.0,0.26,0.0,0.74
693,0.9282787492827755,0.0,0.0,0.17,0.0,0.83
694,0.9282021215340776,0.0,0.0,0.16,0.0,0.84
695,0.9293108831073004,0.0,0.0,0.2,0.0,0.8
696,0.9346322966190286,0.0,0.0,0.21,0.0,0.79
697,0.9362929568746468,0.0,0.0,0.18,0.0,0.82
698,0.9181230019664112,0.0,0.0,0.14,0.0,0.86
699,0.588333333333333,0.0,0.0,0.13,0.0,0.87
700,0.6199999999999993,0.0,0.0,0.08,0.0,0.92
701,0.6083333333333326,0.0,0.0,0.06,0.0,0.94
702,0.6149999999999994,0.0,0.0,0.03,0.0,0.97
703,0.6166666666666661,0.0,0.0,0.03,0.0,0.97
704,0.6266666666666662,0.0,0.0,0.03,0.0,0.97
705,0.6399999999999993,0.0,0.0,0.04,0.0,0.96
706,0.6449999999999995,0.0,0.0,0.03,0.0,0.97
707,0.6358333333333328,0.0,0.0,0.05,0.0,0.95
708,0.6433333333333328,0.0,0.0,0.08,0.0,0.92
709,0.6184186896601664,0.0,0.0,0.13,0.0,0.87
710,0.6299999999999993,0.0,0.0,0.12,0.0,0.88
711,0.641666666666666,0.0,0.0,0.08,0.0,0.92
712,0.6433333333333328,0.0,0.0,0.07,0.0,0.93
713,0.6549999999999995,0.0,0.0,0.11,0.0,0.89
714,0.6666666666666662,0.0,0.0,0.13,0.0,0.87
715,0.6599999999999995,0.0,0.0,0.09,0.0,0.91
716,0.6633333333333329,0.0,0.0,0.09,0.0,0.91
717,0.6749999999999996,0.0,0.0,0.1,0.0,0.9
718,0.6766666666666665,0.0,0.0,0.12,0.0,0.88
719,0.6931658514570864,0.0,0.0,0.07,0.01,0.92
720,0.7093048506655077,0.0,0.0,0.07,0.01,0.92
721,0.7209715173321745,0.0,0.0,0.03,0.01,0.96
722,0.7144305003957898,0.0,0.0,0.04,0.0,0.96
723,0.73,0.0,0.0,0.09,0.0,0.91
724,0.7183333333333333,0.0,0.0,0.1,0.0,0.9
725,0.7383333333333334,0.0,0.0,0.15,0.0,0.85
726,0.7310971670624565,0.0,0.0,0.14,0.0,0.86
727,0.7483333333333333,0.0,0.0,0.23,0.0,0.77
728,0.7600000000000002,0.0,0.0,0.18,0.0,0.82
729,0.7543902069923409,0.0,0.0,0.17,0.01,0.82
730,0.7699999999999999,0.0,0.0,0.12,0.0,0.88
731,0.7816666666666666,0.0,0.0,0.06,0.0,0.94
732,0.7759715173321744,0.0,0.0,0.09,0.01,0.9
733,0.7845812186631895,0.0,0.0,0.11,0.03,0.86
734,0.7646665749900228,0.0,0.0,0.12,0.03,0.85
735,0.7786950576578485,0.0,0.0,0.12,0.02,0.86
736,0.8129145519965226,0.0,0.0,0.06,0.03,0.91
737,0.8062060531838915,0.0,0.0,0.05,0.03,0.92
738,0.7890567819823644,0.0,0.0,0.03,0.04,0.93
739,0.7920116273823351,0.0,0.0,0.04,0.06,0.9
740,0.7903449607156684,0.0,0.0,0.05,0.07,0.88
741,0.7963164780478429,0.0,0.0,0.05,0.08,0.87
742,0.8084102309795909,0.0,0.0,0.03,0.13,0.84
743,0.822076989322901,0.0,0.0,0.03,0.11,0.86
744,0.8101339546585525,0.0,0.0,0.03,0.07,0.9
745,0.7877721386573937,0.0,0.0,0.05,0.08,0.87
746,0.8013818399884086,0.0,0.0,0.05,0.1,0.85
747,0.8016582079860904,0.0,0.0,0.07,0.12,0.81
748,0.7884505243830395,0.0,0.0,0.09,0.11,0.8
749,0.7868006213252196,0.0,0.0,0.11,0.07,0.82
750,0.7876046567811472,0.0,0.0,0.07,0.09,0.84
751,0.7600518291091403,0.0,0.0,0.05,0.09,0.86
752,0.7568006213252196,0.0,0.0,0.04,0.07,0.89
753,0.7448575866608712,0.0,0.0,0.05,0.07,0.88
754,0.7395812186631894,0.0,0.0,0.03,0.04,0.93
755,0.7633165697244867,0.0,0.0,0.07,0.06,0.87
756,0.7621528770904774,0.0,0.0,0.05,0.05,0.9
757,0.7598325181237533,0.0,0.0,0.07,0.04,0.89
758,0.7681658514570867,0.0,0.0,0.07,0.03,0.9
759,0.7582544385613411,0.0,0.0,0.12,0.04,0.84
760,0.7502560689805009,0.0,0.0,0.11,0.01,0.88
761,0.7616666666666667,0.0,0.0,0.09,0.01,0.9
762,0.7687353510612972,0.0,0.0,0.11,0.02,0.87
763,0.7687353510612971,0.0,0.0,0.14,0.01,0.85
764,0.799312601534503,0.0,0.0,0.09,0.05,0.86
765,0.7881243944226513,0.0,0.0,0.11,0.04,0.85
766,0.8115242533275374,0.0,0.0,0.11,0.05,0.84
767,0.8101339546585525,0.0,0.0,0.1,0.08,0.82
768,0.8083248746527572,0.0,0.0,0.1,0.12,0.78
769,0.8036771304180145,0.0,0.0,0.07,0.09,0.84
770,0.8029819810835225,0.0,0.0,0.05,0.1,0.85
771,0.797077892838348,0.0,0.0,0.09,0.14,0.77
772,0.8059630586515979,0.0,0.0,0.1,0.13,0.77
773,0.7958206453124697,0.0,0.0,0.13,0.19,0.68
774,0.782755375048547,0.0,0.0,0.11,0.16,0.73
775,0.7877636799768177,0.01,0.0,0.05,0.24,0.7
776,0.7970685306423253,0.02,0.0,0.07,0.21,0.7
777,0.8006782319733401,0.01,0.0,0.06,0.26,0.67
778,0.8224873119791358,0.0,0.0,0.05,0.21,0.74
779,0.8292879333043556,0.02,0.0,0.04,0.25,0.69
780,0.8365073359663856,0.02,0.0,0.04,0.31,0.63
781,0.8449746239582719,0.06,0.0,0.04,0.32,0.58
782,0.8070600719617492,0.09,0.0,0.06,0.33,0.52
783,0.857604349276537,0.11,0.0,0.05,0.39,0.45
784,0.8287182799478399,0.12,0.0,0.07,0.36,0.45
785,0.7634503706307346,0.09,0.0,0.15,0.32,0.44
786,0.8146897972800146,0.09,0.0,0.13,0.41,0.37
787,0.8430146719327722,0.16,0.0,0.09,0.5,0.25
788,0.8707785056618953,0.2,0.0,0.07,0.41,0.32
789,0.8389778843366754,0.19,0.0,0.06,0.37,0.38
790,0.8481570852719008,0.13,0.0,0.07,0.43,0.37
791,0.8449661652776959,0.09,0.0,0.09,0.45,0.37
792,0.8637098212672646,0.05,0.0,0.04,0.55,0.36
793,0.8716243732637874,0.07,0.0,0.02,0.56,0.35
794,0.8570431546005978,0.08,0.0,0.01,0.54,0.37
795,0.8785674079281353,0.1,0.0,0.0,0.54,0.36
796,0.8863395465855297,0.11,0.0,0.0,0.6,0.29
797,0.8660631785878482,0.03,0.0,0.0,0.66,0.31
798,0.8670346959200224,0.04,0.0,0.0,0.69,0.27
799,0.6549999999999995,0.09,0.0,0.01,0.53,0.37
800,0.6483333333333328,0.11,0.0,0.0,0.46,0.43
801,0.6566666666666662,0.1,0.0,0.02,0.39,0.49
802,0.6516666666666658,0.13,0.0,0.02,0.33,0.52
803,0.678333333333333,0.09,0.0,0.02,0.32,0.57
804,0.6747225602296062,0.06,0.0,0.03,0.39,0.52
805,0.6794451204592132,0.07,0.0,0.02,0.32,0.59
806,0.6741676806888196,0.07,0.0,0.02,0.21,0.7
807,0.6866666666666663,0.07,0.0,0.03,0.15,0.75
808,0.7097225602296062,0.04,0.0,0.06,0.13,0.77
809,0.6997225602296063,0.06,0.0,0.1,0.08,0.76
810,0.7122235742517603,0.07,0.0,0.09,0.05,0.79
811,0.7025010140221536,0.09,0.0,0.09,0.04,0.78
812,0.7183333333333328,0.07,0.0,0.09,0.05,0.79
813,0.723333333333333,0.05,0.0,0.06,0.11,0.78
814,0.7213892268962732,0.05,0.0,0.05,0.15,0.75
815,0.7247225602296068,0.07,0.0,0.08,0.15,0.7
816,0.7316666666666667,0.12,0.0,0.11,0.12,0.65
817,0.7349999999999998,0.07,0.0,0.12,0.07,0.74
818,0.7516666666666667,0.08,0.0,0.07,0.05,0.8
819,0.7616666666666664,0.08,0.0,0.05,0.04,0.83
820,0.752531192823589,0.05,0.0,0.06,0.08,0.81
821,0.7533333333333332,0.04,0.0,0.02,0.05,0.89
822,0.7600000000000001,0.02,0.0,0.02,0.05,0.91
823,0.7616666666666666,0.01,0.0,0.01,0.05,0.93
824,0.7466666666666665,0.0,0.0,0.01,0.03,0.96
825,0.7633333333333333,0.0,0.0,0.01,0.03,0.96
826,0.766666666666667,0.0,0.0,0.01,0.02,0.97
827,0.7650000000000005,0.0,0.0,0.01,0.04,0.95
828,0.761666666666667,0.0,0.0,0.02,0.01,0.97
829,0.77,0.0,0.0,0.03,0.0,0.97
830,0.7700000000000001,0.0,0.0,0.06,0.0,0.94
831,0.7766666666666664,0.0,0.0,0.07,0.01,0.92
832,0.7616666666666664,0.0,0.0,0.05,0.01,0.94
833,0.753333333333333,0.0,0.0,0.1,0.0,0.9
834,0.7733333333333331,0.0,0.0,0.08,0.0,0.92
835,0.775,0.0,0.0,0.09,0.0,0.91
836,0.7816666666666666,0.0,0.0,0.09,0.0,0.91
837,0.7816666666666666,0.0,0.0,0.17,0.0,0.83
838,0.7683333333333329,0.0,0.0,0.18,0.0,0.82
839,0.7816666666666664,0.0,0.0,0.18,0.0,0.82
840,0.78305589356294,0.0,0.0,0.23,0.01,0.76
841,0.785,0.0,0.0,0.26,0.01,0.73
842,0.7716666666666673,0.0,0.0,0.28,0.01,0.71
843,0.7783333333333333,0.0,0.0,0.28,0.03,0.69
844,0.7880558935629406,0.0,0.0,0.15,0.03,0.82
845,0.7794451204592133,0.0,0.0,0.18,0.08,0.74
846,0.7891676806888199,0.0,0.0,0.22,0.1,0.68
847,0.7944451204592134,0.0,0.0,0.26,0.06,0.68
848,0.7791676806888206,0.0,0.0,0.36,0.07,0.57
849,0.7736128011480335,0.0,0.0,0.36,0.09,0.55
850,0.7825010140221537,0.0,0.0,0.34,0.1,0.56
851,0.7777784537925468,0.0,0.0,0.28,0.07,0.65
852,0.7763892268962735,0.0,0.0,0.24,0.1,0.66
853,0.7763892268962738,0.0,0.0,0.24,0.13,0.63
854,0.774722560229607,0.0,0.0,0.27,0.07,0.66
855,0.7799999999999998,0.0,0.0,0.28,0.08,0.64
856,0.7749999999999992,0.0,0.0,0.27,0.08,0.65
857,0.775,0.0,0.0,0.18,0.13,0.69
858,0.7783333333333331,0.0,0.0,0.17,0.15,0.68
859,0.7866666666666666,0.0,0.0,0.24,0.14,0.62
860,0.783333333333333,0.0,0.0,0.26,0.14,0.6
861,0.805,0.0,0.0,0.23,0.14,0.63
862,0.8083333333333332,0.0,0.0,0.25,0.16,0.59
863,0.7933333333333337,0.0,0.0,0.26,0.08,0.66
864,0.8080558935629399,0.0,0.0,0.33,0.07,0.6
865,0.8275010140221535,0.0,0.0,0.26,0.09,0.65
866,0.8094451204592136,0.0,0.0,0.31,0.06,0.63
867,0.8261117871258798,0.0,0.0,0.29,0.08,0.63
868,0.8175010140221537,0.0,0.0,0.3,0.06,0.64
869,0.8438902409184269,0.0,0.0,0.4,0.07,0.53
870,0.8605569075850936,0.0,0.0,0.42,0.09,0.49
871,0.868057921607247,0.0,0.0,0.49,0.1,0.41
872,0.8591676806888201,0.01,0.0,0.47,0.08,0.44
873,0.8658782504616466,0.0,0.0,0.56,0.08,0.36
874,0.8825010140221535,0.01,0.0,0.58,0.09,0.32
875,0.8858343473554868,0.0,0.0,0.58,0.06,0.36
876,0.8894451204592138,0.0,0.0,0.61,0.11,0.28
877,0.91111178712588,0.01,0.0,0.65,0.06,0.28
878,0.895834347355487,0.0,0.0,0.64,0.05,0.31
879,0.9191676806888199,0.0,0.0,0.79,0.02,0.19
880,0.9294890235653733,0.0,0.0,0.81,0.0,0.19
881,0.9261117871258802,0.0,0.0,0.81,0.0,0.19
882,0.9363892268962734,0.01,0.0,0.8,0.0,0.19
883,0.9313726723020787,0.01,0.0,0.81,0.0,0.18
884,0.922778453792547,0.02,0.0,0.82,0.0,0.16
885,0.9327784537925468,0.01,0.0,0.87,0.0,0.12
886,0.9447225602296067,0.0,0.0,0.87,0.0,0.13
887,0.9297225602296065,0.0,0.0,0.87,0.0,0.13
888,0.9516666666666664,0.0,0.0,0.89,0.0,0.11
889,0.9633333333333332,0.0,0.0,0.93,0.0,0.07
890,0.9816666666666665,0.0,0.0,0.98,0.0,0.02
891,0.9663892268962733,0.0,0.0,0.94,0.0,0.06
892,0.9600000000000002,0.01,0.0,0.94,0.0,0.05
893,0.9600000000000002,0.0,0.0,0.92,0.0,0.08
894,0.9683333333333332,0.0,0.0,0.93,0.0,0.07
895,0.9733333333333333,0.0,0.0,0.96,0.0,0.04
896,0.9680558935629402,0.0,0.0,0.94,0.0,0.06
897,0.9716666666666666,0.0,0.0,0.95,0.0,0.05
898,0.98,0.0,0.0,0.98,0.0,0.02
899,0.5833333333333331,0.0,0.0,0.95,0.0,0.05
900,0.5735880861455431,0.0,0.0,0.96,0.0,0.04
901,0.578333333333333,0.0,0.0,0.92,0.0,0.08
902,0.5966666666666666,0.0,0.0,0.89,0.0,0.11
903,0.6065117773160081,0.0,0.0,0.79,0.0,0.21
904,0.6280235546320165,0.0,0.0,0.72,0.0,0.28
905,0.6495353319480253,0.0,0.0,0.71,0.0,0.29
906,0.6263568879653503,0.0,0.0,0.67,0.0,0.33
907,0.6395353319480251,0.0,0.0,0.68,0.0,0.32
908,0.6451177731600845,0.0,0.0,0.63,0.0,0.37
909,0.6664132943760731,0.0,0.0,0.63,0.0,0.37
910,0.6601177731600846,0.01,0.0,0.61,0.0,0.38
911,0.6627795735056509,0.02,0.0,0.57,0.0,0.41
912,0.6550564064107229,0.02,0.0,0.52,0.0,0.46
913,0.6544368490080901,0.03,0.0,0.46,0.01,0.5
914,0.6469393291774095,0.03,0.0,0.37,0.02,0.58
915,0.6619487203416365,0.04,0.0,0.4,0.04,0.52
916,0.6516295504760928,0.05,0.0,0.4,0.04,0.51
917,0.6875217703894684,0.0,0.0,0.39,0.05,0.56
918,0.6891270703067736,0.0,0.0,0.4,0.03,0.57
919,0.6877701823414233,0.0,0.0,0.41,0.04,0.55
920,0.7073812601634236,0.0,0.0,0.43,0.06,0.51
921,0.6947288509820845,0.0,0.0,0.35,0.03,0.62
922,0.6733897397440561,0.0,0.0,0.29,0.04,0.67
923,0.7052112957613811,0.0,0.0,0.18,0.03,0.79
924,0.7050564064107232,0.0,0.0,0.11,0.03,0.86
925,0.7115681837267318,0.0,0.0,0.12,0.04,0.84
926,0.714741667370768,0.0,0.0,0.07,0.05,0.88
927,0.7342785802453388,0.0,0.0,0.07,0.09,0.84
928,0.7337176228048595,0.0,0.0,0.08,0.12,0.8
929,0.7054136488248705,0.0,0.0,0.07,0.14,0.79
930,0.7219879223624645,0.0,0.0,0.05,0.14,0.81
931,0.7016112166139736,0.02,0.0,0.04,0.13,0.81
932,0.7180620756469558,0.01,0.0,0.03,0.13,0.83
933,0.7202913637924827,0.05,0.0,0.06,0.17,0.72
934,0.734459981115418,0.04,0.0,0.06,0.21,0.69
935,0.7337890510748112,0.06,0.0,0.09,0.19,0.66
936,0.7415049374451068,0.05,0.0,0.06,0.18,0.71
937,0.7227058846463038,0.08,0.0,0.05,0.11,0.76
938,0.7122508010353207,0.07,0.0,0.02,0.08,0.83
939,0.7626240735952272,0.07,0.0,0.02,0.08,0.83
940,0.7292115691634632,0.08,0.0,0.04,0.09,0.79
941,0.7555159520306292,0.11,0.0,0.03,0.09,0.77
942,0.7648216543551541,0.12,0.0,0.04,0.12,0.72
943,0.7610286133084849,0.13,0.0,0.07,0.12,0.68
944,0.7429912366866519,0.15,0.0,0.05,0.09,0.71
945,0.7636206337198472,0.16,0.0,0.05,0.09,0.7
946,0.7308084558959265,0.16,0.0,0.05,0.05,0.74
947,0.7344853641344161,0.15,0.0,0.05,0.03,0.77
948,0.7241163501366574,0.16,0.0,0.02,0.02,0.8
949,0.7435568269299432,0.17,0.0,0.03,0.02,0.78
950,0.7511452195561104,0.15,0.0,0.03,0.01,0.81
951,0.7450622420606764,0.11,0.0,0.01,0.04,0.84
952,0.7520970410873271,0.12,0.0,0.01,0.03,0.84
953,0.756870214569918,0.12,0.0,0.03,0.02,0.83
954,0.7546150396719712,0.1,0.0,0.02,0.04,0.84
955,0.738238989617843,0.09,0.0,0.02,0.04,0.85
956,0.7553840776202887,0.12,0.0,0.03,0.04,0.81
957,0.7590521487831485,0.12,0.0,0.05,0.06,0.77
958,0.7644984142669923,0.09,0.0,0.04,0.11,0.76
959,0.7711571663573537,0.06,0.0,0.05,0.14,0.75
960,0.79175992640064,0.05,0.0,0.06,0.16,0.73
961,0.776191319810804,0.04,0.0,0.07,0.11,0.78
962,0.8029386995205852,0.05,0.0,0.07,0.2,0.68
963,0.8185566517144344,0.01,0.0,0.11,0.21,0.67
964,0.8136090369699644,0.01,0.0,0.08,0.18,0.73
965,0.8081809976603671,0.01,0.0,0.07,0.21,0.71
966,0.8379234890995211,0.0,0.0,0.08,0.3,0.62
967,0.8467920788082545,0.0,0.0,0.07,0.35,0.58
968,0.8605507882340482,0.0,0.0,0.03,0.43,0.54
969,0.8457687358979145,0.0,0.0,0.03,0.46,0.51
970,0.8565842807284426,0.0,0.0,0.01,0.51,0.48
971,0.8298860532378858,0.01,0.0,0.02,0.41,0.56
972,0.8533719087558612,0.02,0.0,0.01,0.44,0.53
973,0.8641616039446884,0.02,0.0,0.0,0.53,0.45
974,0.8541873080801176,0.02,0.0,0.01,0.46,0.51
975,0.8804976936276283,0.02,0.0,0.0,0.53,0.45
976,0.8633601629518782,0.01,0.0,0.0,0.5,0.49
977,0.8477197589783704,0.02,0.0,0.01,0.52,0.45
978,0.8381207699801034,0.01,0.0,0.02,0.52,0.45
979,0.8550258202440908,0.01,0.0,0.01,0.58,0.4
980,0.88034064103429,0.02,0.0,0.02,0.6,0.36
981,0.8804301812763332,0.06,0.0,0.02,0.59,0.33
982,0.8933332160074827,0.04,0.0,0.0,0.69,0.27
983,0.8705853084286395,0.02,0.0,0.01,0.66,0.31
984,0.8703626984362144,0.05,0.0,0.01,0.59,0.35
985,0.9065322074501327,0.05,0.0,0.0,0.71,0.24
986,0.9221047974739979,0.06,0.0,0.0,0.75,0.19
987,0.9068750241874461,0.03,0.0,0.0,0.73,0.24
988,0.9232773504557072,0.03,0.0,0.01,0.76,0.2
989,0.9276082898852437,0.07,0.0,0.01,0.73,0.19
990,0.8935003356557633,0.08,0.0,0.01,0.63,0.28
991,0.8967701858961538,0.08,0.0,0.01,0.63,0.28
992,0.8654801695076284,0.08,0.0,0.01,0.64,0.27
993,0.8894128478395426,0.1,0.0,0.01,0.63,0.26
994,0.9011683319584385,0.14,0.0,0.05,0.62,0.19
995,0.9177811618859607,0.19,0.0,0.05,0.61,0.15
996,0.919140267079044,0.17,0.0,0.13,0.58,0.12
997,0.9481052110434282,0.19,0.0,0.07,0.68,0.06
998,0.9293234397029186,0.19,0.0,0.03,0.69,0.09
999,0.6666666666666662,0.19,0.0,0.03,0.67,0.11
1000,0.671666666666666,0.13,0.0,0.06,0.68,0.13
1001,0.6699999999999993,0.17,0.0,0.07,0.65,0.11
1002,0.6699999999999993,0.15,0.0,0.11,0.6,0.14
1003,0.6683333333333327,0.11,0.0,0.12,0.62,0.15
1004,0.6743143676330309,0.11,0.0,0.12,0.53,0.24
1005,0.6776477009663643,0.17,0.0,0.09,0.45,0.29
1006,0.6723158956615879,0.17,0.0,0.09,0.45,0.29
1007,0.6707967771226369,0.16,0.0,0.12,0.44,0.28
1008,0.6782602209119412,0.13,0.0,0.1,0.47,0.3
1009,0.6830736896310907,0.09,0.0,0.15,0.4,0.36
1010,0.6919109779354201,0.11,0.0,0.13,0.44,0.32
1011,0.6853554560244224,0.14,0.0,0.1,0.43,0.33
1012,0.6888363374854714,0.16,0.0,0.11,0.4,0.33
1013,0.6949345277213936,0.18,0.0,0.1,0.41,0.31
1014,0.7077678091497517,0.21,0.0,0.04,0.38,0.37
1015,0.7106962247569169,0.17,0.0,0.03,0.43,0.37
1016,0.7379246263824836,0.13,0.0,0.06,0.46,0.35
1017,0.7541697708036582,0.1,0.0,0.07,0.49,0.34
1018,0.7827381792469449,0.08,0.0,0.09,0.48,0.35
1019,0.7820251145453773,0.05,0.0,0.09,0.44,0.42
1020,0.8015459866277174,0.05,0.0,0.11,0.43,0.41
1021,0.807499049790957,0.04,0.0,0.08,0.49,0.39
1022,0.8232889340133476,0.04,0.0,0.13,0.41,0.42
1023,0.8459208483012195,0.06,0.0,0.13,0.32,0.49
1024,0.8484130515380081,0.03,0.0,0.11,0.35,0.51
1025,0.8777219322959371,0.03,0.0,0.08,0.45,0.44
1026,0.8608995789416898,0.05,0.0,0.07,0.45,0.43
1027,0.8664001292637452,0.04,0.0,0.12,0.37,0.47
1028,0.8569246046982308,0.03,0.0,0.08,0.41,0.48
1029,0.8416452086681987,0.05,0.0,0.11,0.38,0.46
1030,0.8800176828715597,0.04,0.0,0.09,0.36,0.51
1031,0.875326136198837,0.0,0.0,0.1,0.31,0.59
1032,0.8776847520903255,0.0,0.0,0.06,0.32,0.62
1033,0.8937635740738464,0.0,0.0,0.1,0.35,0.55
1034,0.9095010684589296,0.01,0.0,0.13,0.32,0.54
1035,0.8978034096719787,0.02,0.0,0.14,0.27,0.57
1036,0.8878434040132115,0.01,0.0,0.13,0.33,0.53
1037,0.8720943708055262,0.02,0.0,0.16,0.33,0.49
1038,0.8646317690459174,0.01,0.0,0.16,0.32,0.51
1039,0.8747088577345983,0.02,0.0,0.1,0.32,0.56
1040,0.864119092358705,0.02,0.0,0.11,0.27,0.6
1041,0.8712333665790838,0.03,0.0,0.13,0.25,0.59
1042,0.9034361659697728,0.02,0.0,0.14,0.17,0.67
1043,0.8937725856678327,0.03,0.0,0.18,0.12,0.67
1044,0.8885334360106376,0.02,0.0,0.24,0.09,0.65
1045,0.8934931849389265,0.02,0.0,0.21,0.08,0.69
1046,0.8731537394913649,0.01,0.0,0.19,0.05,0.75
1047,0.9069036868024014,0.02,0.0,0.24,0.04,0.7
1048,0.9026106470867608,0.02,0.0,0.24,0.06,0.68
1049,0.9067951075243132,0.0,0.0,0.14,0.04,0.82
1050,0.9000535108711493,0.0,0.0,0.15,0.01,0.84
1051,0.8998762939080818,0.0,0.0,0.17,0.02,0.81
1052,0.9125786009075766,0.0,0.0,0.2,0.01,0.79
1053,0.8916838784075012,0.0,0.0,0.2,0.01,0.79
1054,0.8837321541211304,0.01,0.0,0.18,0.01,0.8
1055,0.8854724508521472,0.01,0.0,0.18,0.01,0.8
1056,0.8828942752538411,0.02,0.0,0.27,0.0,0.71
1057,0.9008931147008634,0.04,0.0,0.31,0.0,0.65
1058,0.8993941427036027,0.03,0.0,0.35,0.0,0.62
1059,0.9078410899507936,0.02,0.0,0.36,0.0,0.62
1060,0.9066603083236541,0.01,0.0,0.43,0.0,0.56
1061,0.9099650882925361,0.01,0.0,0.45,0.0,0.54
1062,0.900519989340167,0.01,0.0,0.42,0.0,0.57
1063,0.9052887015237338,0.01,0.0,0.46,0.0,0.53
1064,0.9359164606920324,0.02,0.0,0.56,0.0,0.42
1065,0.9269993706423834,0.04,0.0,0.58,0.01,0.37
1066,0.9362406258540231,0.05,0.0,0.6,0.03,0.32
1067,0.9377597443929737,0.04,0.0,0.58,0.04,0.34
1068,0.9329072925206894,0.07,0.0,0.56,0.04,0.33
1069,0.931911876606361,0.02,0.0,0.54,0.05,0.39
1070,0.9318984861596162,0.02,0.0,0.5,0.08,0.4
1071,0.9279546271438727,0.05,0.0,0.56,0.06,0.33
1072,0.9275996454249287,0.09,0.0,0.54,0.07,0.3
1073,0.9342739522343814,0.04,0.0,0.55,0.07,0.34
1074,0.9200443902549793,0.05,0.0,0.49,0.12,0.34
1075,0.9277141129787602,0.05,0.0,0.48,0.06,0.41
1076,0.9404955323890034,0.05,0.0,0.53,0.03,0.39
1077,0.9524844469902652,0.06,0.0,0.63,0.04,0.27
1078,0.9489540593860469,0.06,0.0,0.65,0.03,0.26
1079,0.9323727503038031,0.03,0.0,0.64,0.01,0.32
1080,0.947387724405172,0.05,0.0,0.64,0.0,0.31
1081,0.9617477239593211,0.05,0.0,0.68,0.0,0.27
1082,0.9632869470282931,0.03,0.0,0.71,0.0,0.26
1083,0.953800527107068,0.03,0.0,0.68,0.0,0.29
1084,0.9350753343772646,0.01,0.0,0.71,0.01,0.27
1085,0.9629513360355222,0.0,0.0,0.76,0.0,0.24
1086,0.9558115054774153,0.0,0.0,0.75,0.0,0.25
1087,0.9342565354972109,0.0,0.0,0.72,0.0,0.28
1088,0.9217479029093609,0.0,0.0,0.72,0.0,0.28
1089,0.9283641498902864,0.0,0.0,0.75,0.0,0.25
1090,0.9462693890832843,0.0,0.0,0.79,0.0,0.21
1091,0.9269329996928368,0.0,0.0,0.78,0.0,0.22
1092,0.925804417265423,0.0,0.0,0.79,0.0,0.21
1093,0.9272648049976131,0.01,0.0,0.8,0.0,0.19
1094,0.9531346945416422,0.02,0.0,0.83,0.0,0.15
1095,0.947131638484528,0.02,0.0,0.85,0.0,0.13
1096,0.9518136628635893,0.0,0.0,0.87,0.0,0.13
1097,0.9528205619598473,0.0,0.0,0.92,0.0,0.08
1098,0.9524634437893041,0.0,0.0,0.89,0.0,0.11
1099,0.6133333333333336,0.0,0.0,0.9,0.0,0.1
1100,0.6490990574841378,0.01,0.0,0.88,0.0,0.11
1101,0.6786128618485207,0.01,0.0,0.87,0.01,0.11
1102,0.6800000000000003,0.01,0.0,0.86,0.02,0.11
1103,0.6983333333333337,0.02,0.0,0.84,0.03,0.11
1104,0.6583333333333335,0.02,0.0,0.82,0.0,0.16
1105,0.671946195181854,0.03,0.0,0.85,0.0,0.12
1106,0.6952795285151872,0.01,0.0,0.89,0.01,0.09
1107,0.686946195181854,0.02,0.0,0.84,0.0,0.14
1108,0.7388447309140396,0.0,0.0,0.82,0.0,0.18
1109,0.7210704546110804,0.0,0.0,0.86,0.0,0.14
1110,0.7355590570303743,0.0,0.0,0.86,0.0,0.14
1111,0.7283333333333334,0.0,0.0,0.88,0.0,0.12
1112,0.7583333333333335,0.0,0.0,0.89,0.0,0.11
1113,0.7436128618485204,0.0,0.0,0.89,0.0,0.11
1114,0.7502795285151868,0.0,0.0,0.82,0.0,0.18
1115,0.7285652023988527,0.01,0.0,0.79,0.0,0.2
1116,0.7235652023988528,0.0,0.0,0.72,0.0,0.28
1117,0.7421304047977054,0.0,0.0,0.6,0.0,0.4
1118,0.7576418023784111,0.0,0.0,0.58,0.0,0.42
1119,0.7373622738632244,0.0,0.0,0.61,0.0,0.39
1120,0.7400741931958822,0.0,0.0,0.59,0.0,0.41
1121,0.7506956071965574,0.0,0.0,0.59,0.0,0.41
1122,0.7346252372944382,0.0,0.0,0.6,0.01,0.39
1123,0.7514388738427832,0.0,0.0,0.59,0.0,0.41
1124,0.7494403101523343,0.0,0.0,0.55,0.0,0.45
1125,0.7556351119955761,0.01,0.0,0.53,0.0,0.46
1126,0.7584168821736297,0.01,0.0,0.49,0.0,0.5
1127,0.7744490954528971,0.01,0.0,0.39,0.0,0.6
1128,0.7525404567208014,0.0,0.0,0.38,0.0,0.62
1129,0.7344626197582141,0.0,0.0,0.41,0.0,0.59
1130,0.7420704162181114,0.0,0.0,0.41,0.01,0.58
1131,0.7239212925006292,0.0,0.0,0.34,0.04,0.62
1132,0.7227824287862302,0.0,0.0,0.28,0.03,0.69
1133,0.7178495408850506,0.0,0.0,0.29,0.0,0.71
1134,0.7202490544824477,0.0,0.0,0.27,0.01,0.72
1135,0.7437099050483069,0.0,0.0,0.14,0.0,0.86
1136,0.7654120282306199,0.0,0.0,0.11,0.02,0.87
1137,0.7456520239885255,0.0,0.0,0.12,0.02,0.86
1138,0.726815445557757,0.0,0.0,0.11,0.05,0.84
1139,0.7311117116688134,0.0,0.0,0.06,0.08,0.86
1140,0.7658240564612399,0.0,0.0,0.05,0.04,0.91
1141,0.7465934724704685,0.0,0.0,0.06,0.03,0.91
1142,0.7374907231279066,0.0,0.0,0.0,0.04,0.96
1143,0.750717151938433,0.0,0.0,0.02,0.04,0.94
1144,0.7568590287657893,0.0,0.0,0.03,0.02,0.95
1145,0.7533192660289129,0.0,0.0,0.06,0.01,0.93
1146,0.7601447026494546,0.0,0.0,0.08,0.01,0.91
1147,0.771571373558216,0.01,0.0,0.09,0.01,0.89
1148,0.7639772306294723,0.0,0.0,0.12,0.0,0.88
1149,0.7757107598766805,0.0,0.0,0.12,0.0,0.88
1150,0.7733049028054242,0.01,0.0,0.12,0.0,0.87
1151,0.7656639312031767,0.01,0.0,0.12,0.0,0.87
1152,0.7572751074471599,0.02,0.0,0.12,0.0,0.86
1153,0.7871207683107713,0.0,0.0,0.12,0.01,0.87
1154,0.7892808435024479,0.0,0.0,0.1,0.0,0.9
1155,0.7709227672031491,0.0,0.0,0.09,0.0,0.91
1156,0.8116262053727228,0.0,0.0,0.08,0.0,0.92
1157,0.7992881394186699,0.0,0.0,0.06,0.0,0.94
1158,0.8066777431051543,0.0,0.0,0.09,0.0,0.91
1159,0.7866335012889454,0.0,0.0,0.08,0.0,0.92
1160,0.8227895443541666,0.0,0.0,0.11,0.0,0.89
1161,0.8299915207913412,0.0,0.0,0.12,0.01,0.87
1162,0.8269424250321223,0.0,0.0,0.12,0.01,0.87
1163,0.797086067347617,0.0,0.0,0.13,0.04,0.83
1164,0.8032670025778903,0.0,0.0,0.1,0.06,0.84
1165,0.7987536109915396,0.0,0.0,0.12,0.06,0.82
1166,0.786412708661914,0.0,0.0,0.09,0.1,0.81
1167,0.7732670025778903,0.0,0.0,0.07,0.09,0.84
1168,0.7897544182059113,0.0,0.0,0.09,0.08,0.83
1169,0.770877398891406,0.0,0.0,0.1,0.04,0.86
1170,0.7689188986689239,0.0,0.0,0.11,0.04,0.85
1171,0.7580466515643381,0.0,0.0,0.16,0.04,0.8
1172,0.7860984962968122,0.01,0.0,0.19,0.09,0.71
1173,0.7564881506853325,0.03,0.0,0.19,0.08,0.7
1174,0.7843132672012116,0.03,0.0,0.24,0.09,0.64
1175,0.772149658045688,0.03,0.0,0.24,0.11,0.62
1176,0.7678183130727149,0.02,0.0,0.23,0.15,0.6
1177,0.7444980086421615,0.01,0.0,0.18,0.26,0.55
1178,0.7505697392013374,0.0,0.0,0.21,0.23,0.56
1179,0.758827240671623,0.01,0.0,0.18,0.25,0.56
1180,0.7398152121346817,0.01,0.0,0.21,0.23,0.55
1181,0.776010021342039,0.04,0.0,0.17,0.21,0.58
1182,0.7799287840253105,0.05,0.0,0.17,0.21,0.57
1183,0.8075063327908157,0.08,0.0,0.1,0.19,0.63
1184,0.7959883947858079,0.06,0.0,0.05,0.32,0.57
1185,0.8054961190015245,0.03,0.0,0.04,0.28,0.65
1186,0.8049031068524072,0.03,0.0,0.04,0.22,0.71
1187,0.8025327005410535,0.0,0.0,0.02,0.23,0.75
1188,0.8162579655759095,0.0,0.0,0.01,0.17,0.82
1189,0.805992923768553,0.0,0.0,0.01,0.13,0.86
1190,0.8375298722139186,0.0,0.0,0.01,0.15,0.84
1191,0.867502350353605,0.01,0.0,0.02,0.21,0.76
1192,0.8676671463628718,0.01,0.0,0.03,0.15,0.81
1193,0.8653552320565214,0.0,0.0,0.0,0.12,0.88
1194,0.8669419582371701,0.0,0.0,0.0,0.16,0.84
1195,0.8772481817525241,0.0,0.0,0.0,0.16,0.84
1196,0.8858517830490085,0.0,0.0,0.01,0.17,0.82
1197,0.8805207703665978,0.0,0.0,0.02,0.15,0.83
1198,0.8932138147580702,0.0,0.0,0.02,0.2,0.78
1199,0.6733333333333329,0.01,0.0,0.03,0.19,0.77
1200,0.6799999999999996,0.0,0.0,0.03,0.13,0.84
1201,0.6705431729644613,0.0,0.0,0.03,0.12,0.85
1202,0.6953949507072358,0.0,0.0,0.04,0.12,0.84
1203,0.704950283935559,0.0,0.0,0.07,0.11,0.82
1204,0.6892359156254395,0.0,0.0,0.09,0.06,0.85
1205,0.7054579155204295,0.0,0.0,0.1,0.05,0.85
1206,0.7130731106560667,0.0,0.0,0.13,0.03,0.84
1207,0.7309617772177228,0.0,0.0,0.18,0.02,0.8
1208,0.723998666036605,0.0,0.0,0.19,0.01,0.8
1209,0.7294433328082817,0.0,0.0,0.18,0.02,0.8
1210,0.758257554750477,0.01,0.0,0.26,0.01,0.72
1211,0.7643313323882411,0.0,0.0,0.31,0.0,0.69
1212,0.7574305055627231,0.0,0.0,0.3,0.0,0.7
1213,0.7487022215221536,0.0,0.0,0.3,0.01,0.69
1214,0.7594795546454666,0.0,0.0,0.38,0.02,0.6
1215,0.7680596164288105,0.0,0.0,0.43,0.01,0.56
1216,0.77704719721055,0.0,0.0,0.5,0.01,0.49
1217,0.7828751723344003,0.0,0.0,0.38,0.01,0.61
1218,0.7831219007844105,0.0,0.0,0.35,0.01,0.64
1219,0.7946403451938514,0.0,0.0,0.34,0.0,0.66
1220,0.7995420453317498,0.0,0.0,0.35,0.0,0.65
1221,0.805246215175279,0.0,0.0,0.35,0.0,0.65
1222,0.8055800137936937,0.0,0.0,0.26,0.0,0.74
1223,0.8133330263892836,0.0,0.0,0.26,0.0,0.74
1224,0.8118149946412071,0.0,0.0,0.25,0.0,0.75
1225,0.800457547110834,0.0,0.0,0.26,0.0,0.74
1226,0.7862118154177612,0.0,0.0,0.17,0.0,0.83
1227,0.7848278172526999,0.0,0.0,0.11,0.0,0.89
1228,0.7916427061765918,0.0,0.0,0.1,0.0,0.9
1229,0.7873714252398355,0.0,0.0,0.11,0.0,0.89
1230,0.7972814002352955,0.0,0.0,0.08,0.0,0.92
1231,0.7942844379575554,0.0,0.0,0.1,0.0,0.9
1232,0.7913059224596339,0.0,0.0,0.06,0.0,0.94
1233,0.7994324538840988,0.0,0.0,0.02,0.0,0.98
1234,0.8056913952216874,0.0,0.0,0.01,0.0,0.99
1235,0.7956913952216875,0.0,0.0,0.03,0.0,0.97
1236,0.8000000000000002,0.0,0.0,0.03,0.0,0.97
1237,0.7929012348528162,0.0,0.0,0.03,0.0,0.97
1238,0.798333333333333,0.0,0.0,0.02,0.01,0.97
1239,0.8072098396311282,0.0,0.0,0.03,0.03,0.94
1240,0.8122098396311286,0.0,0.0,0.11,0.01,0.88
1241,0.8163702221522149,0.0,0.0,0.14,0.03,0.83
1242,0.8263702221522152,0.0,0.0,0.15,0.01,0.84
1243,0.815925555380539,0.0,0.0,0.21,0.01,0.78
1244,0.8159255553805383,0.01,0.0,0.22,0.01,0.76
1245,0.8127404443044307,0.0,0.0,0.2,0.01,0.79
1246,0.8077404443044306,0.0,0.0,0.23,0.0,0.77
1247,0.8134318395261185,0.0,0.0,0.24,0.0,0.76
1248,0.8169993330183022,0.0,0.0,0.27,0.0,0.73
1249,0.8375425059827647,0.0,0.0,0.34,0.0,0.66
1250,0.8521475552755278,0.0,0.0,0.39,0.0,0.61
1251,0.8698879995799585,0.0,0.0,0.5,0.0,0.5
1252,0.8889750124905796,0.0,0.0,0.55,0.0,0.45
1253,0.8852829502871954,0.0,0.0,0.61,0.0,0.39
1254,0.8719124691805803,0.0,0.0,0.56,0.0,0.44
1255,0.8923571359522576,0.0,0.0,0.6,0.02,0.38
1256,0.8993076788422162,0.0,0.0,0.69,0.0,0.31
1257,0.9133324073972371,0.0,0.0,0.7,0.0,0.3
1258,0.9213692962161188,0.0,0.0,0.78,0.0,0.22
1259,0.9143076788422158,0.0,0.0,0.75,0.0,0.25
1260,0.93019701238557,0.01,0.0,0.72,0.0,0.27
1261,0.9171475552755283,0.0,0.0,0.74,0.0,0.26
1262,0.9054808886088611,0.01,0.0,0.66,0.0,0.33
1263,0.922147555275528,0.03,0.0,0.7,0.0,0.27
1264,0.9325922220472048,0.05,0.0,0.68,0.0,0.27
1265,0.9412219998949896,0.04,0.0,0.71,0.0,0.25
1266,0.9356291108660869,0.05,0.0,0.75,0.0,0.2
1267,0.9400362218371847,0.03,0.0,0.82,0.0,0.15
1268,0.959110666456646,0.03,0.0,0.85,0.0,0.12
1269,0.9607773331233131,0.06,0.0,0.85,0.0,0.09
1270,0.9572957775327537,0.04,0.0,0.89,0.0,0.07
1271,0.9662219998949897,0.06,0.0,0.87,0.0,0.07
1272,0.9367651728594514,0.07,0.0,0.76,0.0,0.17
1273,0.9535800617833441,0.04,0.0,0.82,0.0,0.14
1274,0.9680368888188821,0.03,0.0,0.88,0.0,0.09
1275,0.9677404443044307,0.03,0.0,0.91,0.0,0.06
1276,0.9603326663516362,0.01,0.0,0.93,0.0,0.06
1277,0.9417028885038516,0.0,0.0,0.91,0.0,0.09
1278,0.9460863459289237,0.01,0.0,0.85,0.0,0.14
1279,0.9360737776377641,0.0,0.0,0.83,0.0,0.17
1280,0.926333074378934,0.0,0.0,0.84,0.0,0.16
1281,0.9335554823012225,0.0,0.0,0.81,0.01,0.18
1282,0.9250755331043534,0.0,0.0,0.84,0.0,0.16
1283,0.9288393585245138,0.0,0.0,0.8,0.0,0.2
1284,0.8997916568810613,0.01,0.0,0.7,0.0,0.29
1285,0.9394198855929393,0.01,0.0,0.79,0.0,0.2
1286,0.9361974204128678,0.0,0.0,0.78,0.0,0.22
1287,0.9296664077122676,0.01,0.0,0.76,0.0,0.23
1288,0.9585800617833439,0.02,0.0,0.82,0.0,0.16
1289,0.9522098396311285,0.03,0.0,0.82,0.0,0.15
1290,0.9456913952216875,0.04,0.0,0.79,0.01,0.16
1291,0.9474439997899796,0.04,0.0,0.83,0.0,0.13
1292,0.9503949507072363,0.05,0.0,0.83,0.01,0.11
1293,0.9713702221522155,0.06,0.0,0.88,0.0,0.06
1294,0.971073777637764,0.06,0.0,0.89,0.0,0.05
1295,0.9731851110761078,0.04,0.0,0.9,0.0,0.06
1296,0.9566169506022262,0.03,0.0,0.88,0.0,0.09
1297,0.9631851110761077,0.03,0.0,0.87,0.0,0.1
1298,0.9350985061927848,0.03,0.0,0.8,0.01,0.16
1299,0.475,0.03,0.0,0.86,0.0,0.11
1300,0.49333333333333335,0.07,0.0,0.82,0.01,0.1
1301,0.5146230667436182,0.04,0.0,0.86,0.0,0.1
1302,0.5329564000769514,0.05,0.0,0.79,0.0,0.16
1303,0.5372025335641878,0.02,0.0,0.74,0.0,0.24
1304,0.5670189579128427,0.01,0.0,0.69,0.01,0.29
1305,0.5934570060714922,0.01,0.0,0.58,0.01,0.4
1306,0.5891366600100647,0.02,0.0,0.61,0.0,0.37
1307,0.6041516874326396,0.02,0.0,0.53,0.0,0.45
1308,0.6141280015390296,0.01,0.0,0.44,0.0,0.55
1309,0.6407315642738678,0.0,0.0,0.4,0.01,0.59
1310,0.6828709939062265,0.0,0.0,0.29,0.03,0.68
1311,0.7678325398364301,0.0,0.0,0.2,0.04,0.76
1312,0.7985985202223691,0.0,0.0,0.09,0.04,0.87
1313,0.7944539437044156,0.0,0.0,0.07,0.01,0.92
1314,0.8148251497008252,0.0,0.0,0.04,0.02,0.94
1315,0.8451430169831039,0.0,0.0,0.01,0.02,0.97
1316,0.8580322751705015,0.0,0.0,0.03,0.01,0.96
1317,0.8391424630353406,0.0,0.0,0.02,0.04,0.94
1318,0.8204281584879002,0.0,0.0,0.02,0.06,0.92
1319,0.8132968047709913,0.0,0.0,0.04,0.05,0.91
1320,0.8463449965995282,0.0,0.0,0.01,0.04,0.95
1321,0.8265629962147709,0.0,0.0,0.03,0.05,0.92
1322,0.8487024258471303,0.0,0.0,0.03,0.02,0.95
1323,0.8102061209149324,0.0,0.0,0.02,0.01,0.97
1324,0.8002915969197144,0.0,0.0,0.02,0.01,0.97
1325,0.8314998922829422,0.0,0.0,0.0,0.0,1.0
1326,0.8549250173678612,0.0,0.0,0.0,0.0,1.0
1327,0.8340793591035118,0.0,0.0,0.01,0.01,0.98
1328,0.855528026154936,0.0,0.0,0.02,0.01,0.97
1329,0.8666628638818067,0.0,0.0,0.02,0.03,0.95
1330,0.8278993812693568,0.0,0.0,0.04,0.02,0.94
1331,0.8581034550177804,0.0,0.0,0.05,0.02,0.93
1332,0.8447811743385886,0.0,0.0,0.02,0.0,0.98
1333,0.8076978339416416,0.0,0.0,0.03,0.0,0.97
1334,0.8537736056944089,0.0,0.0,0.02,0.01,0.97
1335,0.8339916053096514,0.0,0.0,0.01,0.01,0.98
1336,0.8299044054635546,0.0,0.0,0.01,0.02,0.97
1337,0.8530197391816452,0.0,0.0,0.0,0.01,0.99
1338,0.8672658726688813,0.0,0.0,0.01,0.02,0.97
1339,0.8615079681983926,0.0,0.0,0.0,0.02,0.98
1340,0.8533966724380271,0.0,0.0,0.02,0.01,0.97
1341,0.869845339489451,0.0,0.0,0.0,0.01,0.99
1342,0.8900042731305902,0.0,0.0,0.0,0.0,1.0
1343,0.8500633391046937,0.0,0.0,0.0,0.01,0.99
1344,0.8606829218383502,0.0,0.0,0.01,0.0,0.99
1345,0.8703771684292468,0.0,0.0,0.0,0.01,0.99
1346,0.8239916053096517,0.0,0.0,0.0,0.03,0.97
1347,0.858396672438027,0.0,0.0,0.0,0.04,0.96
1348,0.8171660050018456,0.0,0.0,0.01,0.02,0.97
1349,0.8336146720532698,0.0,0.0,0.0,0.02,0.98
1350,0.8733295305484732,0.0,0.0,0.0,0.02,0.98
1351,0.86879017964099,0.0,0.0,0.01,0.01,0.98
1352,0.8706829218383499,0.0,0.0,0.0,0.0,1.0
1353,0.8640833970612368,0.0,0.0,0.0,0.01,0.99
1354,0.8468137216074956,0.0,0.0,0.01,0.01,0.98
1355,0.8878183135129841,0.0,0.0,0.01,0.01,0.98
1356,0.872814275555259,0.0,0.0,0.02,0.0,0.98
1357,0.8728142755552588,0.0,0.0,0.02,0.0,0.98
1358,0.8757706756322103,0.0,0.0,0.01,0.0,0.99
1359,0.8827471336657051,0.0,0.0,0.01,0.0,0.99
1360,0.8687230377514368,0.0,0.0,0.0,0.0,1.0
1361,0.8958907530383532,0.0,0.0,0.0,0.0,1.0
1362,0.8789814368944119,0.0,0.0,0.0,0.0,1.0
1363,0.8782947122712019,0.0,0.0,0.0,0.01,0.99
1364,0.8525004462307055,0.0,0.0,0.01,0.01,0.98
1365,0.8311354950154172,0.0,0.0,0.02,0.0,0.98
1366,0.8670785984445755,0.0,0.0,0.0,0.0,1.0
1367,0.8853376536741719,0.0,0.0,0.0,0.0,1.0
1368,0.9017300087866572,0.0,0.0,0.0,0.0,1.0
1369,0.8899146081482602,0.0,0.0,0.0,0.0,1.0
1370,0.8809555303695867,0.0,0.0,0.0,0.0,1.0
1371,0.8839364262734503,0.0,0.0,0.02,0.0,0.98
1372,0.8928236257202112,0.0,0.0,0.02,0.01,0.97
1373,0.8927224868189702,0.0,0.0,0.03,0.0,0.97
1374,0.8951532196678094,0.0,0.0,0.01,0.0,0.99
1375,0.884604816781432,0.0,0.0,0.02,0.0,0.98
1376,0.8663934438038386,0.0,0.0,0.01,0.02,0.97
1377,0.8458241046854131,0.0,0.0,0.03,0.01,0.96
1378,0.8552766446578605,0.0,0.0,0.03,0.0,0.97
1379,0.882864831395784,0.0,0.0,0.01,0.0,0.99
1380,0.8838069147930436,0.0,0.0,0.01,0.0,0.99
1381,0.8683300553392567,0.0,0.0,0.0,0.0,1.0
1382,0.87645230022775,0.0,0.0,0.01,0.0,0.99
1383,0.8909400063905035,0.0,0.0,0.01,0.0,0.99
1384,0.890150484198459,0.0,0.0,0.01,0.0,0.99
1385,0.8799367071811419,0.0,0.0,0.02,0.0,0.98
1386,0.9037448299835138,0.0,0.0,0.02,0.0,0.98
1387,0.8987012767369579,0.0,0.0,0.02,0.01,0.97
1388,0.9070375649508579,0.0,0.0,0.0,0.0,1.0
1389,0.8998484378871963,0.0,0.0,0.0,0.0,1.0
1390,0.9053172382188751,0.0,0.0,0.0,0.0,1.0
1391,0.889486567040379,0.0,0.0,0.0,0.0,1.0
1392,0.9143506964005432,0.0,0.0,0.0,0.0,1.0
1393,0.9175197717830631,0.0,0.0,0.0,0.01,0.99
1394,0.9064503514976836,0.0,0.0,0.0,0.0,1.0
1395,0.9019839048855417,0.0,0.0,0.01,0.0,0.99
1396,0.8623913379553244,0.0,0.0,0.0,0.0,1.0
1397,0.8937770799246448,0.0,0.0,0.0,0.01,0.99
1398,0.9072225164050911,0.0,0.0,0.0,0.0,1.0
1399,0.8166666666666663,0.0,0.0,0.0,0.0,1.0
1400,0.8199999999999997,0.0,0.0,0.0,0.0,1.0
1401,0.8083333333333331,0.0,0.0,0.0,0.0,1.0
1402,0.8199999999999997,0.0,0.0,0.0,0.0,1.0
1403,0.8116666666666663,0.0,0.0,0.0,0.0,1.0
1404,0.8049999999999997,0.0,0.0,0.0,0.0,1.0
1405,0.8116666666666663,0.0,0.0,0.0,0.0,1.0
1406,0.8066666666666664,0.0,0.0,0.0,0.0,1.0
1407,0.8144552835280017,0.0,0.0,0.02,0.0,0.98
1408,0.8116666666666661,0.0,0.0,0.01,0.0,0.99
1409,0.8116666666666665,0.0,0.0,0.01,0.0,0.99
1410,0.818333333333333,0.0,0.0,0.01,0.0,0.99
1411,0.8166666666666664,0.0,0.0,0.01,0.0,0.99
1412,0.8099999999999998,0.0,0.0,0.0,0.0,1.0
1413,0.813291776838667,0.0,0.0,0.0,0.02,0.98
1414,0.8171219118705523,0.0,0.0,0.0,0.03,0.97
1415,0.8234262558772172,0.0,0.0,0.0,0.04,0.96
1416,0.8185609559352757,0.01,0.0,0.0,0.01,0.98
1417,0.813560955935276,0.0,0.0,0.0,0.01,0.99
1418,0.8116724013593533,0.0,0.0,0.0,0.0,1.0
1419,0.8081103187695495,0.0,0.0,0.0,0.01,0.99
1420,0.8186015724279951,0.0,0.0,0.01,0.01,0.98
1421,0.8102941711278436,0.0,0.0,0.03,0.03,0.94
1422,0.7938562537176476,0.0,0.0,0.02,0.01,0.97
1423,0.7888163269459433,0.0,0.0,0.03,0.03,0.94
1424,0.7905217937297863,0.0,0.0,0.01,0.02,0.97
1425,0.791274590025099,0.01,0.0,0.03,0.03,0.93
1426,0.8110713358682975,0.02,0.0,0.03,0.02,0.93
1427,0.8188957745316116,0.03,0.0,0.01,0.04,0.92
1428,0.841163803244127,0.02,0.0,0.0,0.04,0.94
1429,0.8218500510135384,0.04,0.0,0.03,0.04,0.89
1430,0.8335364780871868,0.02,0.0,0.03,0.04,0.91
1431,0.826314110839063,0.02,0.0,0.03,0.05,0.9
1432,0.8192356071238466,0.0,0.0,0.03,0.09,0.88
1433,0.8158825133835309,0.0,0.0,0.0,0.09,0.91
1434,0.8189870974603946,0.0,0.0,0.01,0.12,0.87
1435,0.8457191859984335,0.0,0.0,0.0,0.13,0.87
1436,0.838137522305885,0.0,0.0,0.01,0.13,0.86
1437,0.8352616874854926,0.0,0.0,0.03,0.09,0.88
1438,0.842863111585024,0.0,0.0,0.04,0.1,0.86
1439,0.8449654806769469,0.0,0.0,0.06,0.12,0.82
1440,0.8582029441772583,0.0,0.0,0.01,0.12,0.87
1441,0.8615362775105915,0.0,0.0,0.0,0.09,0.91
1442,0.8562659717594555,0.0,0.0,0.0,0.09,0.91
1443,0.8684050983962368,0.0,0.0,0.0,0.08,0.92
1444,0.8661916360153245,0.0,0.0,0.01,0.08,0.91
1445,0.8803274059116586,0.0,0.0,0.01,0.12,0.87
1446,0.8943796286886339,0.0,0.0,0.01,0.2,0.79
1447,0.9088477944315617,0.0,0.0,0.01,0.24,0.75
1448,0.9149679709443208,0.0,0.0,0.0,0.17,0.83
1449,0.9197720018849939,0.0,0.0,0.0,0.15,0.85
1450,0.9259483898415762,0.0,0.0,0.0,0.13,0.87
1451,0.9281379768925572,0.0,0.0,0.0,0.16,0.84
1452,0.9324517291231456,0.0,0.0,0.0,0.24,0.76
1453,0.937222979866675,0.0,0.0,0.0,0.28,0.72
1454,0.9183667261490275,0.0,0.0,0.0,0.25,0.75
1455,0.9217000594823611,0.0,0.0,0.0,0.27,0.73
1456,0.9214713102258903,0.0,0.0,0.0,0.26,0.74
1457,0.919530232838362,0.0,0.0,0.01,0.28,0.71
1458,0.9244840176316397,0.0,0.0,0.03,0.31,0.66
1459,0.9314454091684814,0.0,0.0,0.02,0.27,0.71
1460,0.9311709984476199,0.0,0.0,0.03,0.22,0.75
1461,0.9179750914419745,0.0,0.0,0.06,0.19,0.75
1462,0.9139814113966388,0.0,0.0,0.06,0.21,0.73
1463,0.9214256487614993,0.0,0.0,0.05,0.28,0.67
1464,0.9248046435592236,0.0,0.0,0.0,0.31,0.69
1465,0.9403275639435381,0.0,0.0,0.0,0.3,0.7
1466,0.9310138117129495,0.0,0.0,0.0,0.25,0.75
1467,0.9380074297046032,0.0,0.0,0.0,0.25,0.75
1468,0.919379925243426,0.0,0.0,0.0,0.17,0.83
1469,0.9260138117129495,0.0,0.0,0.0,0.2,0.8
1470,0.9402860074488723,0.0,0.0,0.0,0.22,0.78
1471,0.9140114174237732,0.0,0.0,0.0,0.21,0.79
1472,0.9252621420721645,0.0,0.0,0.0,0.18,0.82
1473,0.9310138117129496,0.0,0.0,0.0,0.22,0.78
1474,0.939870065430597,0.0,0.0,0.0,0.22,0.78
1475,0.9384321480204008,0.0,0.0,0.01,0.17,0.82
1476,0.9260138117129495,0.0,0.0,0.0,0.15,0.85
1477,0.9446413161741265,0.0,0.0,0.0,0.18,0.82
1478,0.9369942306102048,0.0,0.0,0.0,0.26,0.74
1479,0.9432033987639303,0.0,0.0,0.01,0.35,0.64
1480,0.9458832645249955,0.0,0.0,0.0,0.27,0.73
1481,0.9338896465333417,0.0,0.0,0.0,0.19,0.81
1482,0.9233667261490275,0.0,0.0,0.0,0.18,0.82
1483,0.9479746495074599,0.0,0.0,0.0,0.17,0.83
1484,0.9314701835713628,0.0,0.0,0.0,0.21,0.79
1485,0.9401315948842105,0.0,0.0,0.0,0.29,0.71
1486,0.9320597910044911,0.0,0.0,0.0,0.25,0.75
1487,0.927321320458105,0.0,0.0,0.0,0.23,0.77
1488,0.9067199584122565,0.01,0.0,0.0,0.24,0.75
1489,0.9217890511233278,0.0,0.0,0.0,0.19,0.81
1490,0.9279092276360866,0.0,0.0,0.0,0.22,0.78
1491,0.9279149623287735,0.0,0.0,0.0,0.26,0.74
1492,0.9219288087388314,0.0,0.0,0.0,0.27,0.73
1493,0.9403275639435381,0.0,0.0,0.0,0.29,0.71
1494,0.9448700654305973,0.0,0.0,0.0,0.23,0.77
1495,0.9269288087388314,0.0,0.0,0.0,0.26,0.74
1496,0.9264713102258905,0.0,0.0,0.0,0.19,0.81
1497,0.9204966260213224,0.0,0.0,0.0,0.21,0.79
1498,0.9183210646846364,0.01,0.0,0.0,0.22,0.77
1499,0.5083333333333332,0.03,0.0,0.0,0.18,0.79
1500,0.53,0.02,0.0,0.0,0.16,0.82
1501,0.5283333333333333,0.03,0.0,0.0,0.14,0.83
1502,0.5383333333333332,0.02,0.0,0.0,0.11,0.87
1503,0.5366666666666666,0.04,0.0,0.0,0.05,0.91
1504,0.5816346495261904,0.0,0.0,0.0,0.06,0.94
1505,0.6083013161928571,0.0,0.0,0.0,0.03,0.97
1506,0.5800000000000002,0.0,0.0,0.0,0.03,0.97
1507,0.5935116056502617,0.0,0.0,0.0,0.02,0.98
1508,0.5833333333333335,0.0,0.0,0.0,0.04,0.96
1509,0.5935622577168378,0.0,0.0,0.0,0.05,0.95
1510,0.6003565446338566,0.0,0.0,0.0,0.06,0.94
1511,0.6366346495261906,0.0,0.0,0.0,0.08,0.92
1512,0.6486098819619732,0.0,0.0,0.0,0.03,0.97
1513,0.6353751795599564,0.0,0.0,0.0,0.04,0.96
1514,0.6901462551764521,0.0,0.0,0.0,0.04,0.96
1515,0.6568449389835949,0.0,0.0,0.0,0.04,0.96
1516,0.675,0.0,0.0,0.01,0.08,0.91
1517,0.7052289243835045,0.0,0.0,0.0,0.11,0.89
1518,0.7335116056502615,0.0,0.0,0.0,0.15,0.85
1519,0.7059420136512172,0.0,0.0,0.0,0.18,0.82
1520,0.7942246949179744,0.0,0.0,0.01,0.29,0.7
1521,0.7973027877506034,0.0,0.0,0.0,0.38,0.62
1522,0.8303565446338564,0.0,0.0,0.0,0.45,0.55
1523,0.8147690931208292,0.0,0.0,0.0,0.42,0.58
1524,0.816261722318966,0.0,0.0,0.0,0.47,0.53
1525,0.8475127225884033,0.0,0.0,0.0,0.48,0.52
1526,0.8433333333333333,0.0,0.0,0.0,0.45,0.55
1527,0.8339326871985387,0.0,0.0,0.0,0.45,0.55
1528,0.8561524511224847,0.0,0.0,0.01,0.5,0.49
1529,0.868918447731089,0.0,0.0,0.01,0.54,0.45
1530,0.8427138646798297,0.0,0.0,0.01,0.51,0.48
1531,0.8695675964097979,0.0,0.0,0.02,0.56,0.42
1532,0.8582094955122471,0.0,0.0,0.02,0.59,0.39
1533,0.8677770919220449,0.0,0.0,0.0,0.59,0.41
1534,0.8507681145676338,0.0,0.0,0.0,0.53,0.47
1535,0.8594017476115564,0.0,0.0,0.0,0.61,0.39
1536,0.8673447983488543,0.0,0.0,0.0,0.58,0.42
1537,0.8794921898725845,0.02,0.0,0.0,0.62,0.36
1538,0.8709256973073484,0.04,0.0,0.0,0.6,0.36
1539,0.9014674223083674,0.07,0.0,0.0,0.67,0.26
1540,0.8920845538465996,0.09,0.0,0.0,0.64,0.27
1541,0.8929009297431308,0.1,0.0,0.0,0.68,0.22
1542,0.8625169574368017,0.09,0.0,0.01,0.67,0.23
1543,0.873518061281363,0.08,0.0,0.03,0.69,0.2
1544,0.8957064224147113,0.11,0.0,0.02,0.69,0.18
1545,0.92170058154027,0.11,0.0,0.04,0.68,0.17
1546,0.9015931578625807,0.08,0.0,0.03,0.68,0.21
1547,0.9130586824378208,0.05,0.0,0.02,0.79,0.14
1548,0.9178255232059178,0.1,0.0,0.0,0.77,0.13
1549,0.9222837982048984,0.06,0.0,0.0,0.8,0.14
1550,0.9189504648715655,0.05,0.0,0.0,0.76,0.19
1551,0.898333333333333,0.05,0.0,0.01,0.74,0.2
1552,0.9218357916176165,0.05,0.0,0.01,0.8,0.14
1553,0.9189032003680927,0.04,0.0,0.01,0.85,0.1
1554,0.9189184477310889,0.09,0.0,0.0,0.81,0.1
1555,0.9184106376036736,0.11,0.0,0.0,0.79,0.1
1556,0.9162795502063286,0.05,0.0,0.01,0.83,0.11
1557,0.8996832001392916,0.07,0.0,0.03,0.77,0.13
1558,0.8950842438906035,0.08,0.0,0.02,0.77,0.13
1559,0.8882918416697239,0.12,0.0,0.02,0.65,0.21
1560,0.8934944573077925,0.11,0.0,0.02,0.69,0.18
1561,0.9029512587601312,0.18,0.0,0.0,0.66,0.16
1562,0.9209326369276115,0.21,0.0,0.02,0.67,0.1
1563,0.9483333333333331,0.19,0.0,0.01,0.77,0.03
1564,0.945308565769116,0.15,0.0,0.0,0.74,0.11
1565,0.9372083916676854,0.21,0.0,0.0,0.69,0.1
1566,0.9133333333333327,0.2,0.0,0.01,0.69,0.1
1567,0.9221778480738512,0.21,0.0,0.01,0.68,0.1
1568,0.908977924114067,0.29,0.0,0.01,0.58,0.12
1569,0.9168998258985696,0.18,0.0,0.02,0.7,0.1
1570,0.9166666666666665,0.2,0.0,0.04,0.66,0.1
1571,0.8921329851304725,0.2,0.0,0.03,0.6,0.17
1572,0.880466318463806,0.2,0.0,0.01,0.61,0.18
1573,0.8830861416803226,0.14,0.0,0.03,0.61,0.22
1574,0.8873661443623752,0.11,0.0,0.02,0.65,0.22
1575,0.8792659702609449,0.04,0.0,0.01,0.71,0.24
1576,0.8889459069735912,0.0,0.0,0.0,0.77,0.23
1577,0.8576357849407809,0.0,0.0,0.0,0.72,0.28
1578,0.8740692923755446,0.01,0.0,0.0,0.75,0.24
1579,0.8548143987837332,0.0,0.0,0.0,0.75,0.25
1580,0.88594719586699,0.0,0.0,0.0,0.8,0.2
1581,0.8724026257088776,0.0,0.0,0.01,0.73,0.26
1582,0.8678909373415636,0.0,0.0,0.01,0.78,0.21
1583,0.8655348169507846,0.0,0.0,0.0,0.79,0.21
1584,0.8907130892677125,0.0,0.0,0.0,0.84,0.16
1585,0.8929214809353985,0.0,0.0,0.0,0.83,0.17
1586,0.9111245208165438,0.0,0.0,0.0,0.86,0.14
1587,0.917201483617451,0.0,0.0,0.0,0.89,0.11
1588,0.9301782723169281,0.01,0.0,0.0,0.94,0.05
1589,0.9120232113005227,0.01,0.0,0.0,0.88,0.11
1590,0.9075580282513076,0.02,0.0,0.0,0.85,0.13
1591,0.8914055421940006,0.0,0.0,0.0,0.84,0.16
1592,0.9068129218431181,0.0,0.0,0.0,0.82,0.18
1593,0.9120894704717583,0.0,0.0,0.0,0.87,0.13
1594,0.9054868380860442,0.0,0.0,0.0,0.8,0.2
1595,0.8854228038050914,0.0,0.0,0.0,0.78,0.22
1596,0.9144167833353712,0.0,0.0,0.0,0.87,0.13
1597,0.9304338489041963,0.0,0.0,0.0,0.85,0.15
1598,0.92218051157608,0.0,0.0,0.0,0.89,0.11
1599,0.7033333333333333,0.0,0.0,0.01,0.87,0.12
1600,0.7033333333333333,0.01,0.0,0.0,0.78,0.21
1601,0.7166666666666667,0.01,0.0,0.0,0.77,0.22
1602,0.701666666666666,0.01,0.0,0.0,0.74,0.25
1603,0.7105758140052246,0.02,0.0,0.0,0.7,0.28
1604,0.7028182946771163,0.02,0.0,0.0,0.66,0.32
1605,0.7133941086823409,0.02,0.0,0.02,0.6,0.36
1606,0.7172424806718918,0.06,0.0,0.03,0.46,0.45
1607,0.7149999999999995,0.05,0.0,0.02,0.41,0.52
1608,0.7216666666666666,0.04,0.0,0.03,0.36,0.57
1609,0.7300000000000001,0.04,0.0,0.05,0.31,0.6
1610,0.7416666666666665,0.05,0.0,0.02,0.25,0.68
1611,0.7450000000000003,0.05,0.0,0.04,0.23,0.68
1612,0.7350000000000003,0.06,0.0,0.03,0.3,0.61
1613,0.75,0.06,0.0,0.04,0.32,0.58
1614,0.7516666666666667,0.04,0.0,0.04,0.36,0.56
1615,0.7416666666666665,0.04,0.0,0.05,0.43,0.48
1616,0.7549999999999997,0.04,0.0,0.03,0.38,0.55
1617,0.7516666666666665,0.02,0.0,0.06,0.34,0.58
1618,0.7533333333333333,0.01,0.0,0.05,0.3,0.64
1619,0.7500000000000001,0.01,0.0,0.04,0.29,0.66
1620,0.7550000000000003,0.0,0.0,0.05,0.27,0.68
1621,0.7499999999999999,0.0,0.0,0.05,0.31,0.64
1622,0.763333333333333,0.0,0.0,0.04,0.36,0.6
1623,0.7616666666666664,0.0,0.0,0.09,0.34,0.57
1624,0.7900000000000001,0.0,0.0,0.1,0.33,0.57
1625,0.796666666666666,0.0,0.0,0.17,0.29,0.54
1626,0.792668615976888,0.0,0.0,0.25,0.25,0.5
1627,0.785,0.0,0.0,0.17,0.28,0.55
1628,0.8116666666666661,0.0,0.0,0.24,0.2,0.56
1629,0.8139591753011024,0.0,0.0,0.21,0.19,0.6
1630,0.8183333333333329,0.0,0.0,0.21,0.23,0.56
1631,0.821666666666667,0.0,0.0,0.22,0.27,0.51
1632,0.8376686159768884,0.0,0.0,0.26,0.27,0.47
1633,0.7966645745990459,0.0,0.0,0.29,0.25,0.46
1634,0.8333333333333333,0.0,0.0,0.32,0.23,0.45
1635,0.840518727784245,0.0,0.0,0.34,0.24,0.42
1636,0.8466666666666667,0.0,0.0,0.33,0.22,0.45
1637,0.8449999999999998,0.0,0.0,0.29,0.23,0.48
1638,0.8250000000000003,0.0,0.0,0.31,0.23,0.46
1639,0.83,0.0,0.0,0.35,0.21,0.44
1640,0.825,0.01,0.0,0.34,0.24,0.41
1641,0.8233333333333333,0.02,0.0,0.38,0.17,0.43
1642,0.8540161130832444,0.02,0.0,0.35,0.23,0.4
1643,0.8341838541769385,0.04,0.0,0.4,0.2,0.36
1644,0.8562585937551351,0.05,0.0,0.39,0.15,0.41
1645,0.8485010744270273,0.04,0.0,0.45,0.15,0.36
1646,0.8506365893542324,0.03,0.0,0.44,0.13,0.4
1647,0.8518344077603609,0.07,0.0,0.44,0.11,0.38
1648,0.8367274420156743,0.07,0.0,0.4,0.09,0.44
1649,0.8404742650623147,0.08,0.0,0.49,0.07,0.36
1650,0.8385010744270274,0.09,0.0,0.49,0.05,0.37
1651,0.8507609989637208,0.06,0.0,0.64,0.03,0.27
1652,0.8351677410936941,0.03,0.0,0.63,0.04,0.3
1653,0.8600925924792484,0.02,0.0,0.6,0.01,0.37
1654,0.8431422625105391,0.02,0.0,0.6,0.01,0.37
1655,0.8223494464165778,0.02,0.0,0.57,0.01,0.4
1656,0.8235328915572677,0.01,0.0,0.53,0.0,0.46
1657,0.8035328915572677,0.01,0.0,0.58,0.01,0.4
1658,0.8063830033646242,0.02,0.0,0.63,0.01,0.34
1659,0.8545167784740234,0.02,0.0,0.63,0.01,0.34
1660,0.8311834451406898,0.02,0.0,0.62,0.0,0.36
1661,0.8452170020887365,0.05,0.0,0.58,0.0,0.37
1662,0.8490335569480466,0.1,0.0,0.57,0.0,0.33
1663,0.8635503354220697,0.12,0.0,0.59,0.0,0.29
1664,0.8551995582239342,0.09,0.0,0.58,0.02,0.31
1665,0.8758997818386473,0.08,0.0,0.62,0.01,0.29
1666,0.8566164032843523,0.05,0.0,0.69,0.0,0.26
1667,0.8797337805627597,0.05,0.0,0.72,0.0,0.23
1668,0.8616666666666666,0.01,0.0,0.72,0.01,0.26
1669,0.8895167784740236,0.01,0.0,0.76,0.01,0.22
1670,0.8552170020887364,0.02,0.0,0.77,0.01,0.2
1671,0.8678490657735465,0.04,0.0,0.74,0.01,0.21
1672,0.8828490657735459,0.06,0.0,0.7,0.01,0.23
1673,0.8685328915572681,0.07,0.0,0.68,0.02,0.23
1674,0.9111823991068796,0.07,0.0,0.7,0.03,0.2
1675,0.8890325109142363,0.14,0.0,0.63,0.01,0.22
1676,0.9128501118073566,0.14,0.0,0.67,0.03,0.16
1677,0.9085503354220699,0.14,0.0,0.66,0.05,0.15
1678,0.9095919270884691,0.07,0.0,0.73,0.06,0.14
1679,0.9121398856951707,0.05,0.0,0.73,0.08,0.14
1680,0.9041076595286823,0.02,0.0,0.76,0.1,0.12
1681,0.8912728995185065,0.03,0.0,0.84,0.05,0.08
1682,0.9047306424613286,0.06,0.0,0.79,0.04,0.11
1683,0.9283333333333332,0.07,0.0,0.77,0.03,0.13
1684,0.894513640372592,0.09,0.0,0.74,0.03,0.14
1685,0.8954329581436626,0.07,0.0,0.81,0.02,0.1
1686,0.91118344514069,0.11,0.0,0.8,0.0,0.09
1687,0.8892320691381702,0.09,0.0,0.79,0.01,0.11
1688,0.9070189198788252,0.1,0.0,0.78,0.02,0.1
1689,0.8965989594195498,0.13,0.0,0.77,0.03,0.07
1690,0.9172827852032719,0.12,0.0,0.78,0.03,0.07
1691,0.9032481822214149,0.08,0.0,0.78,0.02,0.12
1692,0.8895067759765503,0.08,0.0,0.72,0.04,0.16
1693,0.9203901599842063,0.02,0.0,0.83,0.03,0.12
1694,0.9069621421040037,0.01,0.0,0.86,0.0,0.13
1695,0.937921720759916,0.02,0.0,0.84,0.01,0.13
1696,0.9210903835989193,0.03,0.0,0.84,0.01,0.12
1697,0.9011973493436055,0.01,0.0,0.83,0.01,0.15
1698,0.8916620809709697,0.0,0.0,0.81,0.02,0.17
1699,0.5666666666666665,0.0,0.0,0.84,0.0,0.16
1700,0.5883333333333333,0.01,0.0,0.79,0.0,0.2
1701,0.5833333333333333,0.01,0.0,0.78,0.0,0.21
1702,0.6270653291776825,0.01,0.0,0.75,0.01,0.23
1703,0.6637319958443492,0.0,0.0,0.76,0.03,0.21
1704,0.6516666666666667,0.0,0.0,0.79,0.05,0.16
1705,0.6794043692906487,0.0,0.0,0.77,0.05,0.18
1706,0.6584645932395893,0.0,0.0,0.74,0.08,0.18
1707,0.692737702623982,0.0,0.0,0.74,0.09,0.17
1708,0.685797325022032,0.01,0.0,0.75,0.08,0.16
1709,0.7083030605410866,0.04,0.0,0.7,0.11,0.15
1710,0.6919308367672131,0.04,0.0,0.71,0.07,0.18
1711,0.7202016943126804,0.06,0.0,0.71,0.04,0.19
1712,0.7242698768801792,0.09,0.0,0.72,0.03,0.16
1713,0.742122990245156,0.15,0.0,0.64,0.02,0.19
1714,0.7629827910550537,0.2,0.0,0.56,0.0,0.24
1715,0.7630452668429196,0.18,0.0,0.54,0.01,0.27
1716,0.7503572666678526,0.23,0.0,0.5,0.01,0.26
1717,0.7514506167988564,0.18,0.0,0.5,0.01,0.31
1718,0.7599215861742542,0.15,0.0,0.5,0.01,0.34
1719,0.7687277857015562,0.21,0.0,0.42,0.01,0.36
1720,0.7603893796620538,0.17,0.0,0.44,0.01,0.38
1721,0.7439713856577496,0.08,0.0,0.52,0.03,0.37
1722,0.7454664689908265,0.09,0.0,0.51,0.05,0.35
1723,0.7741838512942691,0.12,0.0,0.44,0.08,0.36
1724,0.7613065835536499,0.13,0.0,0.45,0.1,0.32
1725,0.7676841729424957,0.17,0.0,0.47,0.09,0.27
1726,0.762198755076954,0.07,0.0,0.56,0.11,0.26
1727,0.7781553745061203,0.07,0.0,0.53,0.12,0.28
1728,0.7810683869633678,0.08,0.0,0.43,0.12,0.37
1729,0.7871062774670164,0.1,0.0,0.45,0.11,0.34
1730,0.7888857556117159,0.1,0.0,0.47,0.15,0.28
1731,0.7945548478723196,0.1,0.0,0.47,0.18,0.25
1732,0.7805181963854082,0.12,0.0,0.4,0.19,0.29
1733,0.805179963649258,0.12,0.0,0.34,0.17,0.37
1734,0.7593731188598224,0.1,0.0,0.32,0.15,0.43
1735,0.7583224344340926,0.1,0.0,0.29,0.11,0.5
1736,0.7915315712752502,0.12,0.0,0.24,0.11,0.53
1737,0.7824389180493552,0.15,0.0,0.23,0.07,0.55
1738,0.8037053091466153,0.17,0.0,0.28,0.04,0.51
1739,0.7856565714038777,0.1,0.0,0.37,0.04,0.49
1740,0.7889332344235801,0.09,0.0,0.39,0.04,0.48
1741,0.774772223560086,0.09,0.0,0.38,0.05,0.48
1742,0.7734955108458508,0.08,0.0,0.38,0.09,0.45
1743,0.8010110827034813,0.11,0.0,0.29,0.09,0.51
1744,0.7960949682685201,0.09,0.0,0.34,0.09,0.48
1745,0.7998976894693398,0.1,0.0,0.23,0.09,0.58
1746,0.8003250546213324,0.08,0.0,0.26,0.09,0.57
1747,0.7888355610785925,0.07,0.0,0.22,0.1,0.61
1748,0.8012112277642534,0.04,0.0,0.2,0.09,0.67
1749,0.8224094489899038,0.05,0.0,0.16,0.14,0.65
1750,0.8062050542222013,0.04,0.0,0.17,0.12,0.67
1751,0.7992452112836209,0.03,0.0,0.15,0.15,0.67
1752,0.79452165033879,0.04,0.0,0.22,0.12,0.62
1753,0.7877569269374574,0.06,0.0,0.27,0.12,0.55
1754,0.7907343873005667,0.06,0.0,0.3,0.17,0.47
1755,0.7803394118144924,0.1,0.0,0.26,0.09,0.55
1756,0.8054072820119,0.1,0.0,0.24,0.13,0.53
1757,0.7985331500176349,0.1,0.0,0.26,0.14,0.5
1758,0.7874294852978335,0.11,0.0,0.26,0.15,0.48
1759,0.7981169013950198,0.13,0.0,0.19,0.15,0.53
1760,0.7895929172033976,0.14,0.0,0.2,0.17,0.49
1761,0.798454332752048,0.1,0.0,0.2,0.19,0.51
1762,0.804391480876493,0.09,0.0,0.18,0.29,0.44
1763,0.8057168881138417,0.16,0.0,0.21,0.22,0.41
1764,0.8229398129957114,0.18,0.0,0.17,0.3,0.35
1765,0.8132236693433319,0.14,0.0,0.16,0.33,0.37
1766,0.81182624548338,0.12,0.0,0.15,0.38,0.35
1767,0.8029065642896568,0.14,0.0,0.13,0.26,0.47
1768,0.7937038893116882,0.15,0.0,0.1,0.26,0.49
1769,0.786992262796136,0.16,0.0,0.18,0.2,0.46
1770,0.8050131803884767,0.18,0.0,0.2,0.21,0.41
1771,0.808297313442909,0.13,0.0,0.22,0.2,0.45
1772,0.8083921133119278,0.13,0.0,0.22,0.21,0.44
1773,0.7864237334850526,0.1,0.0,0.13,0.23,0.54
1774,0.7888952245357586,0.12,0.0,0.11,0.18,0.59
1775,0.7833777574417504,0.12,0.0,0.12,0.23,0.53
1776,0.7917756080356795,0.12,0.0,0.09,0.3,0.49
1777,0.7708528617289434,0.09,0.0,0.04,0.31,0.56
1778,0.7615363416990968,0.09,0.0,0.07,0.28,0.56
1779,0.7715688353215954,0.09,0.0,0.09,0.35,0.47
1780,0.7963694404674204,0.16,0.0,0.08,0.42,0.34
1781,0.8101363852789178,0.15,0.0,0.03,0.49,0.33
1782,0.795019912421958,0.14,0.0,0.06,0.47,0.33
1783,0.8151050491688504,0.06,0.0,0.07,0.48,0.39
1784,0.8056775153046459,0.07,0.0,0.08,0.55,0.3
1785,0.8183709918077536,0.08,0.0,0.08,0.54,0.3
1786,0.8281076539833601,0.12,0.0,0.04,0.58,0.26
1787,0.8351922226301213,0.11,0.0,0.02,0.56,0.31
1788,0.8125114473456014,0.1,0.0,0.03,0.52,0.35
1789,0.8110867087261561,0.09,0.0,0.04,0.52,0.35
1790,0.8169758657682766,0.12,0.0,0.03,0.53,0.32
1791,0.8084211351229337,0.08,0.0,0.03,0.5,0.39
1792,0.8201151333013494,0.12,0.0,0.0,0.47,0.41
1793,0.8223120524914265,0.11,0.0,0.01,0.57,0.31
1794,0.8276145440041958,0.13,0.0,0.0,0.6,0.27
1795,0.8341008974861621,0.11,0.0,0.01,0.63,0.25
1796,0.8147412300586232,0.15,0.0,0.01,0.55,0.29
1797,0.8211497726544138,0.17,0.0,0.02,0.5,0.31
1798,0.8357638113619856,0.19,0.0,0.02,0.59,0.2
1799,0.6633333333333326,0.17,0.0,0.05,0.52,0.26
1800,0.6699999999999993,0.12,0.0,0.06,0.58,0.24
1801,0.6731046738337713,0.13,0.0,0.1,0.56,0.21
1802,0.674771340500438,0.16,0.0,0.09,0.56,0.19
1803,0.684322624642884,0.17,0.0,0.08,0.48,0.27
1804,0.6813575338027418,0.17,0.0,0.12,0.44,0.27
1805,0.6695426810008769,0.17,0.0,0.09,0.48,0.26
1806,0.6713751857235166,0.19,0.0,0.1,0.45,0.26
1807,0.6877302010730948,0.14,0.0,0.1,0.44,0.32
1808,0.6958193312180317,0.14,0.0,0.1,0.48,0.28
1809,0.7010666737748728,0.21,0.0,0.04,0.45,0.3
1810,0.6874072045032602,0.23,0.0,0.06,0.36,0.35
1811,0.7098970593467275,0.24,0.0,0.11,0.3,0.35
1812,0.7029735484127376,0.25,0.0,0.11,0.35,0.29
1813,0.713623474904923,0.24,0.0,0.12,0.33,0.31
1814,0.7379059812108751,0.17,0.0,0.13,0.33,0.37
1815,0.7559301816802839,0.2,0.0,0.18,0.26,0.36
1816,0.7968542782307338,0.19,0.0,0.31,0.26,0.24
1817,0.8324479275101205,0.12,0.0,0.41,0.18,0.29
1818,0.8248718382114331,0.21,0.0,0.4,0.14,0.25
1819,0.8604050941951056,0.12,0.0,0.49,0.14,0.25
1820,0.8770594454644521,0.11,0.0,0.52,0.1,0.27
1821,0.8901721670741205,0.1,0.0,0.57,0.06,0.27
1822,0.8975621298846269,0.04,0.0,0.58,0.1,0.28
1823,0.9099278853156418,0.02,0.0,0.7,0.03,0.25
1824,0.9301726366921794,0.04,0.0,0.76,0.04,0.16
1825,0.952582510654313,0.07,0.0,0.81,0.01,0.11
1826,0.9580961422657426,0.05,0.0,0.81,0.01,0.13
1827,0.9478004080473476,0.04,0.0,0.79,0.01,0.16
1828,0.9631742013869793,0.06,0.0,0.79,0.02,0.13
1829,0.9598690102443684,0.05,0.0,0.78,0.01,0.16
1830,0.9602354208829712,0.08,0.0,0.72,0.02,0.18
1831,0.955184359029601,0.06,0.0,0.69,0.01,0.24
1832,0.9382335941208142,0.03,0.0,0.66,0.03,0.28
1833,0.9440568955095242,0.03,0.0,0.7,0.01,0.26
1834,0.9547421950217967,0.04,0.0,0.73,0.02,0.21
1835,0.9638643023626389,0.02,0.0,0.76,0.01,0.21
1836,0.9501011060726441,0.02,0.0,0.76,0.02,0.2
1837,0.9567046785931886,0.01,0.0,0.77,0.02,0.2
1838,0.9374919729029985,0.0,0.0,0.81,0.01,0.18
1839,0.942058275950029,0.0,0.0,0.82,0.0,0.18
1840,0.9301003287584506,0.0,0.0,0.8,0.0,0.2
1841,0.9417752723270663,0.0,0.0,0.77,0.0,0.23
1842,0.9369278316766361,0.0,0.0,0.79,0.0,0.21
1843,0.9485133459993251,0.0,0.0,0.81,0.0,0.19
1844,0.9531434239646396,0.0,0.0,0.83,0.0,0.17
1845,0.9526906269991526,0.0,0.0,0.82,0.0,0.18
1846,0.9309206880280719,0.0,0.0,0.75,0.0,0.25
1847,0.9478235281282332,0.0,0.0,0.78,0.0,0.22
1848,0.9419365483632706,0.0,0.0,0.78,0.0,0.22
1849,0.9624677217549582,0.0,0.0,0.81,0.01,0.18
1850,0.9349708091465271,0.0,0.0,0.76,0.03,0.21
1851,0.9347054958924162,0.0,0.0,0.76,0.01,0.23
1852,0.9384553762232118,0.0,0.0,0.74,0.0,0.26
1853,0.9673885927782342,0.0,0.0,0.79,0.0,0.21
1854,0.94714147492847,0.01,0.0,0.76,0.0,0.23
1855,0.9634334180970642,0.0,0.0,0.8,0.0,0.2
1856,0.9574941888556778,0.0,0.0,0.76,0.0,0.24
1857,0.9582061881850721,0.0,0.0,0.73,0.0,0.27
1858,0.9553166939495458,0.0,0.0,0.77,0.0,0.23
1859,0.9302025452301812,0.0,0.0,0.67,0.0,0.33
1860,0.945120164832379,0.0,0.0,0.79,0.0,0.21
1861,0.9415888137564217,0.0,0.0,0.76,0.0,0.24
1862,0.9435291764675451,0.0,0.0,0.83,0.0,0.17
1863,0.9456641268653169,0.0,0.0,0.79,0.0,0.21
1864,0.9398053318681161,0.0,0.0,0.75,0.0,0.25
1865,0.9385759101014584,0.01,0.0,0.77,0.0,0.22
1866,0.9561895220111083,0.0,0.0,0.84,0.0,0.16
1867,0.9584037227048289,0.0,0.0,0.81,0.0,0.19
1868,0.9552549527634782,0.01,0.0,0.78,0.0,0.21
1869,0.9616386517647036,0.02,0.0,0.81,0.0,0.17
1870,0.9630097702850361,0.03,0.0,0.82,0.0,0.15
1871,0.9689314939681991,0.01,0.0,0.83,0.0,0.16
1872,0.9577220011562073,0.03,0.0,0.77,0.0,0.2
1873,0.9726395651457821,0.04,0.0,0.83,0.0,0.13
1874,0.9638528524584247,0.06,0.0,0.74,0.0,0.2
1875,0.9679896902163871,0.05,0.0,0.78,0.0,0.17
1876,0.9645891994778902,0.06,0.0,0.8,0.0,0.14
1877,0.9681079094749212,0.02,0.0,0.86,0.0,0.12
1878,0.9530523149165543,0.0,0.0,0.87,0.0,0.13
1879,0.9593565554614739,0.0,0.0,0.88,0.0,0.12
1880,0.9444825393913365,0.0,0.0,0.87,0.0,0.13
1881,0.9521270761624911,0.0,0.0,0.89,0.0,0.11
1882,0.9711250664051302,0.0,0.0,0.9,0.0,0.1
1883,0.9738798839266876,0.0,0.0,0.93,0.0,0.07
1884,0.9788403061779278,0.0,0.0,0.95,0.0,0.05
1885,0.9782732402703661,0.0,0.0,0.91,0.0,0.09
1886,0.9727722353916859,0.01,0.0,0.89,0.0,0.1
1887,0.96564047070839,0.02,0.0,0.88,0.0,0.1
1888,0.9302990600332351,0.01,0.0,0.79,0.0,0.2
1889,0.9530834477883985,0.03,0.0,0.84,0.0,0.13
1890,0.9519447005819491,0.01,0.0,0.84,0.0,0.15
1891,0.953071880997458,0.0,0.0,0.87,0.0,0.13
1892,0.978130990626725,0.0,0.0,0.9,0.0,0.1
1893,0.978201001972065,0.0,0.0,0.9,0.0,0.1
1894,0.9805535019929682,0.01,0.0,0.93,0.0,0.06
1895,0.9712652019487072,0.02,0.0,0.86,0.0,0.12
1896,0.9534217373096725,0.01,0.0,0.81,0.01,0.17
1897,0.946701310665267,0.01,0.0,0.82,0.01,0.16
1898,0.9415021886539162,0.03,0.0,0.79,0.0,0.18
1899,0.46166666666666667,0.04,0.0,0.83,0.0,0.13
1900,0.5466666666666669,0.1,0.0,0.67,0.0,0.23
1901,0.5816666666666668,0.19,0.0,0.53,0.0,0.28
1902,0.6250000000000003,0.14,0.0,0.52,0.0,0.34
1903,0.6616666666666668,0.16,0.0,0.48,0.02,0.34
1904,0.7007487501870618,0.16,0.0,0.43,0.07,0.34
1905,0.7240820835203954,0.16,0.0,0.51,0.08,0.25
1906,0.7664975003741233,0.21,0.0,0.53,0.04,0.22
1907,0.8037801583634352,0.27,0.0,0.48,0.05,0.2
1908,0.8036777364227828,0.29,0.0,0.43,0.05,0.23
1909,0.8324518242818552,0.38,0.0,0.41,0.06,0.15
1910,0.8674518242818552,0.44,0.0,0.32,0.11,0.13
1911,0.9192172755958105,0.46,0.0,0.21,0.22,0.11
1912,0.9259827269097655,0.4,0.0,0.17,0.33,0.1
1913,0.9086296872751991,0.4,0.0,0.18,0.32,0.1
1914,0.923432117980622,0.44,0.0,0.12,0.29,0.15
1915,0.9057487501870615,0.43,0.0,0.11,0.27,0.19
1916,0.9389129172278515,0.45,0.0,0.07,0.37,0.11
1917,0.9248308337074563,0.37,0.0,0.07,0.43,0.13
1918,0.9248308337074564,0.32,0.0,0.09,0.48,0.11
1919,0.9366666666666665,0.4,0.01,0.03,0.48,0.09
1920,0.9316666666666665,0.35,0.01,0.03,0.52,0.1
1921,0.9431641670407902,0.41,0.02,0.04,0.43,0.12
1922,0.950427250867017,0.45,0.03,0.02,0.39,0.14
1923,0.9479545063280151,0.47,0.02,0.05,0.37,0.11
1924,0.9543233348298267,0.36,0.01,0.04,0.48,0.12
1925,0.9444520067021382,0.4,0.0,0.05,0.41,0.14
1926,0.9173183355780731,0.28,0.0,0.06,0.46,0.2
1927,0.928403745269094,0.33,0.0,0.05,0.43,0.19
1928,0.9293192478377219,0.32,0.0,0.04,0.42,0.22
1929,0.8896009935673849,0.27,0.0,0.11,0.38,0.24
1930,0.9161288308652723,0.23,0.0,0.08,0.49,0.2
1931,0.9330010712526091,0.24,0.0,0.05,0.5,0.21
1932,0.9276930755912867,0.3,0.0,0.03,0.48,0.19
1933,0.9406779188430657,0.3,0.0,0.03,0.49,0.18
1934,0.9282571916148465,0.26,0.0,0.08,0.42,0.24
1935,0.9513242470894753,0.27,0.0,0.02,0.51,0.2
1936,0.9669705753358842,0.3,0.0,0.03,0.51,0.16
1937,0.9522421635690803,0.24,0.0,0.05,0.58,0.13
1938,0.9472159136374207,0.25,0.0,0.06,0.54,0.15
1939,0.9446211729946815,0.21,0.0,0.06,0.62,0.11
1940,0.9272462505611848,0.17,0.0,0.1,0.65,0.08
1941,0.9489850022447398,0.15,0.0,0.07,0.68,0.1
1942,0.9552412513094316,0.11,0.0,0.06,0.69,0.14
1943,0.9439635405689529,0.1,0.0,0.09,0.64,0.17
1944,0.9530831782003265,0.14,0.0,0.09,0.65,0.12
1945,0.942334428013265,0.17,0.0,0.08,0.66,0.09
1946,0.9630236645908833,0.2,0.0,0.04,0.65,0.11
1947,0.9561878316316731,0.21,0.0,0.04,0.66,0.09
1948,0.9503800806782107,0.19,0.0,0.06,0.64,0.11
1949,0.9421498991248954,0.25,0.0,0.08,0.57,0.1
1950,0.9354492582411009,0.21,0.0,0.1,0.57,0.12
1951,0.9453201366700482,0.28,0.0,0.11,0.48,0.13
1952,0.9691568818889067,0.35,0.0,0.1,0.44,0.11
1953,0.9409910417669894,0.32,0.0,0.14,0.35,0.19
1954,0.9264800342984502,0.29,0.0,0.16,0.36,0.19
1955,0.943720214355272,0.31,0.0,0.1,0.4,0.19
1956,0.9344325571142069,0.28,0.0,0.07,0.45,0.2
1957,0.9624841447178772,0.34,0.0,0.05,0.47,0.14
1958,0.9567091445991562,0.27,0.0,0.08,0.53,0.12
1959,0.9589857320841051,0.28,0.0,0.07,0.52,0.13
1960,0.9493301351735545,0.34,0.0,0.11,0.43,0.12
1961,0.9348672411355833,0.39,0.0,0.13,0.41,0.07
1962,0.9360931532765112,0.39,0.0,0.16,0.39,0.06
1963,0.9584721627021124,0.5,0.0,0.1,0.36,0.04
1964,0.9627234125150508,0.45,0.0,0.1,0.41,0.04
1965,0.9753079956613224,0.46,0.0,0.06,0.42,0.06
1966,0.9716666666666665,0.38,0.0,0.06,0.51,0.05
1967,0.9483333333333333,0.31,0.0,0.09,0.52,0.08
1968,0.9367953385389786,0.3,0.0,0.09,0.49,0.12
1969,0.92,0.28,0.0,0.1,0.48,0.14
1970,0.9245592454742609,0.31,0.0,0.11,0.47,0.11
1971,0.9445592454742606,0.37,0.0,0.06,0.48,0.09
1972,0.9274154168537282,0.39,0.0,0.06,0.46,0.09
1973,0.9439129172278516,0.47,0.0,0.03,0.39,0.11
1974,0.9425542462225076,0.53,0.0,0.03,0.3,0.14
1975,0.9511547040328331,0.48,0.0,0.03,0.41,0.08
1976,0.9745187510540293,0.47,0.0,0.02,0.43,0.08
1977,0.9607487501870616,0.47,0.0,0.04,0.44,0.05
1978,0.9766666666666666,0.51,0.0,0.04,0.44,0.01
1979,0.9833333333333333,0.48,0.0,0.06,0.46,0.0
1980,0.9599999999999999,0.48,0.0,0.09,0.39,0.04
1981,0.9733333333333333,0.45,0.0,0.06,0.45,0.04
1982,0.968333333333333,0.39,0.0,0.06,0.48,0.07
1983,0.9407487501870616,0.38,0.0,0.05,0.48,0.09
1984,0.9315339078022501,0.44,0.0,0.04,0.41,0.11
1985,0.9544264866098443,0.48,0.0,0.05,0.4,0.07
1986,0.9557875908261876,0.44,0.0,0.06,0.4,0.1
1987,0.9643301351735549,0.46,0.0,0.07,0.37,0.1
1988,0.9510955864875101,0.4,0.0,0.06,0.39,0.15
1989,0.9511356312090006,0.35,0.0,0.07,0.43,0.15
1990,0.9491245614528845,0.31,0.0,0.06,0.49,0.14
1991,0.9550788853606162,0.31,0.0,0.04,0.47,0.18
1992,0.9418783108916997,0.32,0.0,0.05,0.48,0.15
1993,0.9365703152303769,0.28,0.0,0.07,0.48,0.17
1994,0.9606888061788991,0.31,0.0,0.05,0.5,0.14
1995,0.9540221395122321,0.23,0.0,0.06,0.55,0.16
1996,0.9477962273713046,0.26,0.0,0.09,0.47,0.18
1997,0.9618783108916995,0.24,0.0,0.02,0.53,0.21
1998,0.9249036485637103,0.15,0.0,0.09,0.57,0.19
1999,0.6349999999999997,0.21,0.0,0.09,0.44,0.26
2000,0.6366666666666664,0.2,0.0,0.13,0.44,0.23
2001,0.7033333333333333,0.19,0.0,0.24,0.39,0.18
2002,0.7116666666666667,0.16,0.0,0.28,0.35,0.21
2003,0.7099999999999999,0.18,0.0,0.33,0.29,0.2
2004,0.7083333333333331,0.15,0.0,0.33,0.34,0.18
2005,0.7833333333333331,0.17,0.0,0.58,0.13,0.12
2006,0.7966666666666667,0.14,0.0,0.64,0.1,0.12
2007,0.7966666666666664,0.15,0.0,0.66,0.08,0.11
2008,0.8083333333333331,0.14,0.0,0.6,0.07,0.19
2009,0.8066666666666664,0.12,0.0,0.67,0.07,0.14
2010,0.7966666666666669,0.2,0.0,0.6,0.04,0.16
2011,0.8000000000000004,0.11,0.0,0.66,0.05,0.18
2012,0.8116666666666668,0.09,0.0,0.68,0.04,0.19
2013,0.8066666666666664,0.06,0.0,0.69,0.04,0.21
2014,0.833333333333333,0.06,0.0,0.6,0.05,0.29
2015,0.8233333333333331,0.07,0.0,0.65,0.01,0.27
2016,0.7949999999999997,0.03,0.0,0.62,0.02,0.33
2017,0.7883333333333331,0.04,0.0,0.59,0.0,0.37
2018,0.8083333333333337,0.02,0.0,0.69,0.01,0.28
2019,0.7983333333333335,0.03,0.0,0.67,0.01,0.29
2020,0.8016666666666667,0.07,0.0,0.65,0.01,0.27
2021,0.8116666666666664,0.04,0.0,0.68,0.01,0.27
2022,0.8149999999999994,0.05,0.0,0.69,0.0,0.26
2023,0.8166666666666665,0.05,0.0,0.73,0.0,0.22
2024,0.8049999999999998,0.03,0.0,0.72,0.01,0.24
2025,0.8200000000000004,0.02,0.0,0.78,0.0,0.2
2026,0.8399999999999997,0.01,0.0,0.8,0.0,0.19
2027,0.8233333333333333,0.02,0.0,0.8,0.0,0.18
2028,0.8233333333333327,0.02,0.0,0.75,0.0,0.23
2029,0.8383333333333333,0.02,0.0,0.85,0.0,0.13
2030,0.8333333333333331,0.0,0.0,0.88,0.0,0.12
2031,0.8366666666666663,0.0,0.0,0.87,0.0,0.13
2032,0.8483333333333328,0.0,0.0,0.88,0.0,0.12
2033,0.8249999999999997,0.0,0.0,0.81,0.0,0.19
2034,0.8249999999999996,0.0,0.0,0.76,0.0,0.24
2035,0.8183333333333331,0.0,0.0,0.77,0.0,0.23
2036,0.8233333333333333,0.0,0.0,0.72,0.0,0.28
2037,0.8449999999999999,0.0,0.0,0.79,0.0,0.21
2038,0.8333333333333335,0.0,0.0,0.81,0.0,0.19
2039,0.8183333333333331,0.0,0.0,0.74,0.0,0.26
2040,0.8316666666666664,0.0,0.0,0.73,0.0,0.27
2041,0.8483333333333333,0.0,0.0,0.82,0.0,0.18
2042,0.85,0.0,0.0,0.78,0.0,0.22
2043,0.8249999999999998,0.0,0.0,0.79,0.0,0.21
2044,0.8416666666666661,0.0,0.0,0.77,0.0,0.23
2045,0.8316666666666663,0.0,0.0,0.8,0.0,0.2
2046,0.8266666666666669,0.0,0.0,0.79,0.0,0.21
2047,0.8283333333333331,0.0,0.0,0.74,0.0,0.26
2048,0.8216666666666664,0.0,0.0,0.66,0.0,0.34
2049,0.8300000000000002,0.0,0.0,0.72,0.0,0.28
2050,0.8383333333333334,0.0,0.0,0.75,0.0,0.25
2051,0.8399999999999994,0.0,0.0,0.76,0.01,0.23
2052,0.8533333333333333,0.0,0.0,0.79,0.01,0.2
2053,0.8333333333333331,0.0,0.0,0.74,0.01,0.25
2054,0.848333333333333,0.0,0.0,0.77,0.0,0.23
2055,0.8416666666666666,0.0,0.0,0.82,0.0,0.18
2056,0.8466666666666669,0.0,0.0,0.84,0.0,0.16
2057,0.8416666666666666,0.0,0.0,0.86,0.0,0.14
2058,0.8383333333333333,0.01,0.0,0.8,0.0,0.19
2059,0.82,0.02,0.0,0.77,0.0,0.21
2060,0.825,0.0,0.0,0.77,0.0,0.23
2061,0.8333333333333335,0.0,0.0,0.76,0.0,0.24
2062,0.8116666666666669,0.0,0.0,0.73,0.0,0.27
2063,0.8266666666666669,0.0,0.0,0.71,0.0,0.29
2064,0.8449999999999998,0.01,0.0,0.79,0.0,0.2
2065,0.8216666666666669,0.02,0.0,0.73,0.0,0.25
2066,0.8483333333333334,0.01,0.0,0.82,0.0,0.17
2067,0.8433333333333337,0.0,0.0,0.81,0.0,0.19
2068,0.8616666666666662,0.0,0.0,0.81,0.0,0.19
2069,0.8483333333333334,0.0,0.0,0.8,0.0,0.2
2070,0.8633333333333334,0.0,0.0,0.82,0.0,0.18
2071,0.8566666666666666,0.0,0.0,0.8,0.0,0.2
2072,0.8649999999999999,0.0,0.0,0.84,0.0,0.16
2073,0.8783333333333329,0.0,0.0,0.77,0.0,0.23
2074,0.863333333333333,0.01,0.0,0.78,0.0,0.21
2075,0.8649999999999998,0.01,0.0,0.7,0.0,0.29
2076,0.8816666666666668,0.0,0.0,0.79,0.0,0.21
2077,0.8683333333333334,0.0,0.0,0.74,0.0,0.26
2078,0.88,0.0,0.0,0.78,0.0,0.22
2079,0.8866666666666666,0.0,0.0,0.73,0.0,0.27
2080,0.8799999999999999,0.0,0.0,0.71,0.0,0.29
2081,0.875,0.0,0.0,0.76,0.0,0.24
2082,0.8749999999999999,0.0,0.0,0.81,0.0,0.19
2083,0.8566666666666662,0.0,0.0,0.72,0.0,0.28
2084,0.8733333333333333,0.0,0.0,0.71,0.0,0.29
2085,0.8449999999999999,0.0,0.0,0.69,0.0,0.31
2086,0.8316666666666666,0.0,0.0,0.62,0.0,0.38
2087,0.8633333333333336,0.0,0.0,0.69,0.0,0.31
2088,0.8799999999999997,0.0,0.0,0.73,0.0,0.27
2089,0.8899999999999999,0.0,0.0,0.75,0.0,0.25
2090,0.8883333333333332,0.0,0.0,0.74,0.0,0.26
2091,0.8849999999999999,0.0,0.0,0.81,0.0,0.19
2092,0.89,0.0,0.0,0.87,0.0,0.13
2093,0.8999999999999997,0.0,0.0,0.89,0.0,0.11
2094,0.918333333333333,0.0,0.0,0.91,0.0,0.09
2095,0.9199999999999997,0.0,0.0,0.93,0.0,0.07
2096,0.9199999999999998,0.0,0.0,0.9,0.0,0.1
2097,0.9316666666666669,0.0,0.0,0.91,0.0,0.09
2098,0.9416666666666669,0.0,0.0,0.92,0.0,0.08
2099,0.5133333333333333,0.0,0.0,0.93,0.0,0.07
2100,0.4933333333333333,0.0,0.0,0.91,0.0,0.09
2101,0.49833333333333324,0.0,0.0,0.79,0.0,0.21
2102,0.5283333333333333,0.01,0.0,0.76,0.0,0.23
2103,0.5316666666666667,0.0,0.0,0.83,0.0,0.17
2104,0.5750000000000001,0.0,0.0,0.81,0.0,0.19
2105,0.6083333333333337,0.01,0.0,0.79,0.0,0.2
2106,0.6166666666666668,0.01,0.0,0.8,0.0,0.19
2107,0.6200000000000002,0.03,0.0,0.79,0.0,0.18
2108,0.646666666666667,0.01,0.0,0.73,0.01,0.25
2109,0.6706012287579125,0.03,0.0,0.62,0.0,0.35
2110,0.7012591981367805,0.02,0.0,0.6,0.0,0.38
2111,0.7372680318904895,0.01,0.0,0.53,0.01,0.45
2112,0.7443421670870424,0.01,0.0,0.45,0.0,0.54
2113,0.6975034174805235,0.01,0.0,0.49,0.01,0.49
2114,0.734256057384161,0.0,0.0,0.51,0.01,0.48
2115,0.7349999999999999,0.0,0.0,0.49,0.01,0.5
2116,0.7294281403240138,0.0,0.0,0.39,0.04,0.57
2117,0.7611241760726065,0.0,0.0,0.33,0.06,0.61
2118,0.7694814761985388,0.0,0.0,0.36,0.1,0.54
2119,0.7497457874664596,0.02,0.0,0.3,0.09,0.59
2120,0.7755895137382097,0.04,0.0,0.28,0.09,0.59
2121,0.8031315019449033,0.06,0.0,0.29,0.19,0.46
2122,0.7967591588161075,0.07,0.0,0.28,0.16,0.49
2123,0.795380633744051,0.09,0.0,0.35,0.17,0.39
2124,0.8278050534454954,0.08,0.0,0.33,0.22,0.37
2125,0.7949946674268565,0.05,0.0,0.36,0.26,0.33
2126,0.8169983880494249,0.04,0.0,0.41,0.2,0.35
2127,0.7995206324734546,0.04,0.0,0.33,0.16,0.47
2128,0.791289547375939,0.05,0.0,0.32,0.17,0.46
2129,0.8153272978695253,0.06,0.0,0.36,0.15,0.43
2130,0.775429546105343,0.07,0.0,0.33,0.16,0.44
2131,0.7640465975200529,0.04,0.0,0.37,0.16,0.43
2132,0.7953762102308175,0.03,0.0,0.43,0.17,0.37
2133,0.8163776160121468,0.05,0.0,0.29,0.32,0.34
2134,0.7786650547160917,0.06,0.0,0.26,0.28,0.4
2135,0.7973938777382358,0.03,0.0,0.2,0.25,0.52
2136,0.8047717131923853,0.03,0.0,0.23,0.25,0.49
2137,0.8072821061308016,0.05,0.0,0.2,0.3,0.45
2138,0.812477294238127,0.04,0.0,0.13,0.37,0.46
2139,0.8042379220276414,0.05,0.0,0.15,0.31,0.49
2140,0.8029657374142221,0.02,0.0,0.19,0.28,0.51
2141,0.8103730784162078,0.03,0.0,0.2,0.27,0.5
2142,0.8050924921494408,0.06,0.0,0.16,0.33,0.45
2143,0.8114811159558785,0.05,0.0,0.17,0.36,0.42
2144,0.8223605240399303,0.04,0.0,0.13,0.33,0.5
2145,0.8136436265376104,0.03,0.0,0.09,0.42,0.46
2146,0.8151590585729559,0.04,0.0,0.06,0.39,0.51
2147,0.8133862955200029,0.04,0.0,0.05,0.49,0.42
2148,0.8092952091518913,0.07,0.0,0.05,0.41,0.47
2149,0.8129073757155244,0.05,0.0,0.05,0.45,0.45
2150,0.8093509260465609,0.08,0.0,0.05,0.5,0.37
2151,0.832600727542156,0.05,0.0,0.09,0.51,0.35
2152,0.8285087409393469,0.03,0.0,0.05,0.49,0.43
2153,0.8328814456715716,0.03,0.0,0.06,0.45,0.46
2154,0.8222074685468823,0.02,0.0,0.09,0.46,0.43
2155,0.8195270149200143,0.01,0.0,0.08,0.44,0.47
2156,0.8530569202164696,0.03,0.0,0.09,0.53,0.35
2157,0.8522528067650593,0.03,0.0,0.07,0.48,0.42
2158,0.8359991417047208,0.04,0.0,0.07,0.49,0.4
2159,0.8284128011158781,0.02,0.0,0.08,0.47,0.43
2160,0.8224344073977331,0.03,0.0,0.02,0.51,0.44
2161,0.8036565446588342,0.03,0.0,0.03,0.45,0.49
2162,0.8260069699643838,0.04,0.0,0.02,0.56,0.38
2163,0.8416070891590879,0.01,0.0,0.02,0.54,0.43
2164,0.8431877825887832,0.02,0.0,0.03,0.56,0.39
2165,0.849855828318827,0.05,0.0,0.04,0.54,0.37
2166,0.8585477178207548,0.02,0.0,0.02,0.56,0.4
2167,0.85735995734279,0.04,0.0,0.01,0.58,0.37
2168,0.8650236062775525,0.01,0.0,0.03,0.57,0.39
2169,0.8828780334221841,0.01,0.0,0.0,0.63,0.36
2170,0.8745516667233875,0.01,0.0,0.01,0.64,0.34
2171,0.8552632968487134,0.01,0.0,0.04,0.57,0.38
2172,0.8392350562815486,0.02,0.0,0.03,0.55,0.4
2173,0.860803898225631,0.01,0.0,0.03,0.63,0.33
2174,0.8593217458543795,0.01,0.0,0.0,0.61,0.38
2175,0.8678611640512363,0.03,0.0,0.0,0.68,0.29
2176,0.873798662073775,0.07,0.0,0.01,0.64,0.28
2177,0.8554297777152545,0.05,0.0,0.0,0.66,0.29
2178,0.8555271410999958,0.07,0.0,0.0,0.65,0.28
2179,0.8807712608631849,0.04,0.0,0.0,0.75,0.21
2180,0.8754712677829621,0.01,0.0,0.0,0.77,0.22
2181,0.8808215522878541,0.02,0.0,0.0,0.74,0.24
2182,0.8616815535584501,0.01,0.0,0.0,0.74,0.25
2183,0.8840355586859107,0.0,0.0,0.0,0.8,0.2
2184,0.8874983176889013,0.0,0.0,0.0,0.78,0.22
2185,0.8805947499029136,0.0,0.0,0.0,0.72,0.28
2186,0.8845727596344255,0.01,0.0,0.0,0.71,0.28
2187,0.8800974599855864,0.01,0.0,0.0,0.7,0.29
2188,0.884328385158454,0.0,0.0,0.0,0.7,0.3
2189,0.8858670645059781,0.01,0.0,0.0,0.64,0.35
2190,0.8864062868195187,0.03,0.0,0.0,0.64,0.33
2191,0.8860840751907433,0.03,0.0,0.0,0.62,0.35
2192,0.8846688398298496,0.03,0.0,0.0,0.59,0.38
2193,0.8816767743519053,0.02,0.0,0.0,0.6,0.38
2194,0.892894615455236,0.0,0.0,0.0,0.62,0.38
2195,0.8759871077771149,0.0,0.0,0.0,0.54,0.46
2196,0.8794987791413972,0.0,0.0,0.0,0.5,0.5
2197,0.8663710143088709,0.01,0.0,0.0,0.5,0.49
2198,0.8460519462068261,0.02,0.0,0.01,0.46,0.51
2199,0.6699999999999995,0.01,0.0,0.0,0.48,0.51
2200,0.6633333333333327,0.02,0.0,0.0,0.52,0.46
2201,0.661666666666666,0.02,0.0,0.0,0.5,0.48
2202,0.6749999999999994,0.02,0.0,0.0,0.49,0.49
2203,0.6833333333333327,0.05,0.0,0.0,0.51,0.44
2204,0.6966666666666664,0.08,0.0,0.01,0.48,0.43
2205,0.6949999999999998,0.08,0.0,0.01,0.46,0.45
2206,0.6983333333333328,0.07,0.0,0.01,0.41,0.51
2207,0.713333333333333,0.12,0.0,0.04,0.39,0.45
2208,0.7333333333333333,0.18,0.0,0.03,0.36,0.43
2209,0.7483333333333337,0.22,0.0,0.04,0.32,0.42
2210,0.7533333333333335,0.2,0.0,0.07,0.32,0.41
2211,0.7699999999999999,0.26,0.0,0.13,0.3,0.31
2212,0.7916666666666669,0.35,0.0,0.16,0.24,0.25
2213,0.8116666666666664,0.44,0.0,0.18,0.1,0.28
2214,0.8183333333333337,0.4,0.0,0.26,0.09,0.25
2215,0.8349999999999999,0.39,0.0,0.26,0.12,0.23
2216,0.8483333333333334,0.45,0.0,0.23,0.07,0.25
2217,0.8350000000000002,0.33,0.0,0.32,0.09,0.26
2218,0.8549999999999998,0.35,0.0,0.36,0.08,0.21
2219,0.878333333333333,0.33,0.0,0.43,0.04,0.2
2220,0.8733333333333335,0.34,0.0,0.44,0.04,0.18
2221,0.875,0.23,0.0,0.52,0.03,0.22
2222,0.88,0.19,0.0,0.58,0.06,0.17
2223,0.8833333333333332,0.23,0.0,0.53,0.07,0.17
2224,0.8799999999999999,0.27,0.0,0.48,0.05,0.2
2225,0.8666666666666665,0.27,0.0,0.48,0.03,0.22
2226,0.883333333333333,0.24,0.0,0.48,0.04,0.24
2227,0.883333333333333,0.24,0.0,0.5,0.03,0.23
2228,0.8966666666666667,0.18,0.0,0.58,0.01,0.23
2229,0.9216666666666667,0.18,0.0,0.67,0.01,0.14
2230,0.9166666666666667,0.15,0.0,0.66,0.0,0.19
2231,0.9066666666666668,0.15,0.0,0.67,0.0,0.18
2232,0.9016666666666668,0.12,0.0,0.69,0.01,0.18
2233,0.8949999999999999,0.15,0.0,0.68,0.01,0.16
2234,0.9200000000000002,0.12,0.0,0.73,0.01,0.14
2235,0.9066666666666663,0.16,0.0,0.69,0.0,0.15
2236,0.9166666666666664,0.14,0.0,0.69,0.01,0.16
2237,0.9200000000000002,0.12,0.0,0.72,0.0,0.16
2238,0.9199999999999998,0.1,0.0,0.71,0.0,0.19
2239,0.9349999999999997,0.07,0.0,0.78,0.0,0.15
2240,0.9250000000000003,0.1,0.0,0.7,0.0,0.2
2241,0.9499999999999997,0.08,0.0,0.81,0.0,0.11
2242,0.9416666666666665,0.02,0.0,0.86,0.0,0.12
2243,0.9433333333333332,0.04,0.0,0.86,0.0,0.1
2244,0.9599999999999999,0.02,0.0,0.91,0.0,0.07
2245,0.9483333333333335,0.0,0.0,0.93,0.0,0.07
2246,0.9483333333333333,0.0,0.0,0.92,0.0,0.08
2247,0.955,0.0,0.0,0.94,0.0,0.06
2248,0.9316666666666665,0.0,0.0,0.92,0.0,0.08
2249,0.945,0.01,0.0,0.87,0.0,0.12
2250,0.94,0.01,0.0,0.85,0.0,0.14
2251,0.9316666666666669,0.01,0.0,0.82,0.0,0.17
2252,0.9333333333333336,0.03,0.0,0.78,0.0,0.19
2253,0.9533333333333333,0.04,0.0,0.82,0.0,0.14
2254,0.9316666666666665,0.05,0.0,0.75,0.01,0.19
2255,0.9316666666666668,0.02,0.0,0.8,0.02,0.16
2256,0.9416666666666668,0.01,0.0,0.86,0.0,0.13
2257,0.9433333333333332,0.0,0.0,0.86,0.0,0.14
2258,0.9566666666666666,0.0,0.0,0.87,0.0,0.13
2259,0.9400000000000002,0.0,0.0,0.83,0.0,0.17
2260,0.9433333333333331,0.0,0.0,0.83,0.02,0.15
2261,0.93,0.0,0.0,0.8,0.02,0.18
2262,0.955,0.01,0.0,0.85,0.05,0.09
2263,0.9500000000000002,0.01,0.0,0.89,0.04,0.06
2264,0.9533333333333333,0.03,0.0,0.83,0.02,0.12
2265,0.9333333333333335,0.03,0.0,0.76,0.03,0.18
2266,0.9316666666666669,0.03,0.0,0.73,0.05,0.19
2267,0.9333333333333335,0.03,0.0,0.76,0.03,0.18
2268,0.9350000000000002,0.05,0.0,0.75,0.02,0.18
2269,0.93,0.08,0.0,0.7,0.03,0.19
2270,0.945,0.11,0.0,0.7,0.01,0.18
2271,0.9016666666666666,0.1,0.0,0.58,0.03,0.29
2272,0.9133333333333331,0.08,0.0,0.63,0.03,0.26
2273,0.9266666666666665,0.07,0.0,0.69,0.02,0.22
2274,0.9216666666666672,0.07,0.0,0.74,0.0,0.19
2275,0.9283333333333332,0.02,0.0,0.78,0.01,0.19
2276,0.9383333333333335,0.04,0.0,0.8,0.02,0.14
2277,0.9266666666666667,0.03,0.0,0.78,0.03,0.16
2278,0.906666666666667,0.01,0.0,0.79,0.05,0.15
2279,0.9316666666666664,0.01,0.0,0.82,0.02,0.15
2280,0.9066666666666664,0.02,0.0,0.74,0.03,0.21
2281,0.8950000000000001,0.01,0.0,0.71,0.06,0.22
2282,0.9049999999999998,0.02,0.0,0.72,0.07,0.19
2283,0.9166666666666669,0.07,0.0,0.68,0.08,0.17
2284,0.9199999999999998,0.07,0.0,0.71,0.05,0.17
2285,0.9233333333333333,0.03,0.0,0.8,0.04,0.13
2286,0.9266666666666667,0.03,0.0,0.76,0.03,0.18
2287,0.9366666666666668,0.02,0.0,0.79,0.03,0.16
2288,0.9466666666666668,0.02,0.0,0.79,0.0,0.19
2289,0.9499999999999997,0.0,0.0,0.86,0.0,0.14
2290,0.9616666666666666,0.0,0.0,0.88,0.0,0.12
2291,0.9533333333333333,0.0,0.0,0.86,0.0,0.14
2292,0.945,0.0,0.0,0.8,0.0,0.2
2293,0.9649999999999999,0.0,0.0,0.84,0.0,0.16
2294,0.9683333333333333,0.0,0.0,0.87,0.0,0.13
2295,0.955,0.0,0.0,0.81,0.0,0.19
2296,0.9449999999999997,0.0,0.0,0.8,0.0,0.2
2297,0.9650000000000002,0.0,0.0,0.86,0.0,0.14
2298,0.9633333333333333,0.0,0.0,0.88,0.0,0.12
2299,0.5033333333333333,0.0,0.0,0.88,0.0,0.12
2300,0.524204119163484,0.0,0.0,0.87,0.0,0.13
2301,0.5377783329769936,0.0,0.0,0.82,0.0,0.18
2302,0.5418879253829724,0.0,0.0,0.78,0.0,0.22
2303,0.5696100794327535,0.0,0.0,0.75,0.0,0.25
2304,0.5898331288160099,0.0,0.0,0.67,0.0,0.33
2305,0.5816836020661383,0.0,0.0,0.59,0.0,0.41
2306,0.5944262728492916,0.0,0.0,0.6,0.0,0.4
2307,0.6405022769657783,0.0,0.0,0.58,0.0,0.42
2308,0.6455454475740481,0.0,0.0,0.6,0.0,0.4
2309,0.6570789874078996,0.0,0.0,0.56,0.0,0.44
2310,0.7116632084070896,0.0,0.0,0.57,0.0,0.43
2311,0.70783440036177,0.0,0.0,0.62,0.0,0.38
2312,0.7185225710172055,0.0,0.0,0.6,0.0,0.4
2313,0.7311114717864031,0.0,0.0,0.64,0.0,0.36
2314,0.7277059637718846,0.0,0.0,0.57,0.0,0.43
2315,0.7334829817428361,0.0,0.0,0.63,0.0,0.37
2316,0.7365903600296546,0.0,0.0,0.6,0.0,0.4
2317,0.7595898252751861,0.0,0.0,0.57,0.0,0.43
2318,0.7471751447104825,0.0,0.0,0.45,0.0,0.55
2319,0.7663285511771624,0.0,0.0,0.47,0.0,0.53
2320,0.7674477588480768,0.0,0.0,0.51,0.0,0.49
2321,0.7502058273367159,0.0,0.0,0.42,0.0,0.58
2322,0.7407578898115854,0.0,0.0,0.46,0.0,0.54
2323,0.7377112939310971,0.0,0.0,0.44,0.01,0.55
2324,0.7657868546048864,0.0,0.0,0.49,0.02,0.49
2325,0.7827353912704241,0.0,0.0,0.48,0.05,0.47
2326,0.7793367063762661,0.0,0.0,0.46,0.06,0.48
2327,0.7578632725501562,0.0,0.0,0.48,0.05,0.47
2328,0.7922246166137284,0.0,0.0,0.55,0.08,0.37
2329,0.7852410172587315,0.0,0.0,0.55,0.1,0.35
2330,0.7759114246696959,0.01,0.0,0.45,0.14,0.4
2331,0.8266001445480049,0.02,0.0,0.46,0.08,0.44
2332,0.8006720655222795,0.02,0.0,0.52,0.05,0.41
2333,0.8187236416571209,0.02,0.0,0.46,0.04,0.48
2334,0.8209885122345549,0.03,0.0,0.5,0.04,0.43
2335,0.786544634160768,0.04,0.0,0.51,0.08,0.37
2336,0.7735060590433583,0.04,0.0,0.49,0.12,0.35
2337,0.8047328017907202,0.04,0.0,0.5,0.1,0.36
2338,0.8236951447765795,0.01,0.0,0.49,0.09,0.41
2339,0.8161612406675056,0.0,0.0,0.49,0.09,0.42
2340,0.8027563191036545,0.0,0.0,0.45,0.03,0.52
2341,0.8028542697186853,0.0,0.0,0.46,0.0,0.54
2342,0.802710855983896,0.0,0.0,0.5,0.0,0.5
2343,0.8277819582383579,0.0,0.0,0.55,0.01,0.44
2344,0.8172962372513182,0.0,0.0,0.55,0.01,0.44
2345,0.8183800467032496,0.0,0.0,0.52,0.0,0.48
2346,0.8084372038276288,0.0,0.0,0.46,0.0,0.54
2347,0.7930875613911259,0.0,0.0,0.37,0.0,0.63
2348,0.8206991482534325,0.0,0.0,0.41,0.0,0.59
2349,0.819990581225113,0.0,0.0,0.46,0.0,0.54
2350,0.8298010122181743,0.0,0.0,0.57,0.0,0.43
2351,0.8291691890255349,0.0,0.0,0.57,0.0,0.43
2352,0.8358311154139416,0.0,0.0,0.59,0.0,0.41
2353,0.8325399305436622,0.0,0.0,0.54,0.0,0.46
2354,0.8137342632350176,0.0,0.0,0.47,0.0,0.53
2355,0.8002320021014947,0.0,0.0,0.44,0.0,0.56
2356,0.7921250155611748,0.0,0.0,0.44,0.0,0.56
2357,0.765692867446828,0.0,0.0,0.55,0.0,0.45
2358,0.8182684655642496,0.0,0.0,0.64,0.0,0.36
2359,0.8062773070315459,0.0,0.0,0.63,0.0,0.37
2360,0.8210969085057132,0.0,0.0,0.67,0.0,0.33
2361,0.8214468659584009,0.0,0.0,0.62,0.0,0.38
2362,0.8357232016447078,0.0,0.0,0.69,0.0,0.31
2363,0.8214928472724259,0.0,0.0,0.7,0.0,0.3
2364,0.8426448713788556,0.01,0.0,0.65,0.0,0.34
2365,0.8408788991247568,0.01,0.0,0.69,0.0,0.3
2366,0.82784924473102,0.02,0.0,0.68,0.0,0.3
2367,0.8423648860303156,0.0,0.0,0.75,0.0,0.25
2368,0.8092117161813741,0.0,0.0,0.73,0.0,0.27
2369,0.8362197485372412,0.0,0.0,0.7,0.0,0.3
2370,0.824211419988306,0.0,0.0,0.71,0.0,0.29
2371,0.8380791537169421,0.0,0.0,0.78,0.0,0.22
2372,0.8290165654981522,0.0,0.0,0.78,0.0,0.22
2373,0.835805096669645,0.0,0.0,0.82,0.0,0.18
2374,0.830185430774496,0.0,0.0,0.76,0.0,0.24
2375,0.8400362216700731,0.0,0.0,0.68,0.0,0.32
2376,0.850314427835325,0.0,0.0,0.64,0.0,0.36
2377,0.8333704507008545,0.0,0.0,0.64,0.0,0.36
2378,0.8244484977293096,0.0,0.0,0.63,0.0,0.37
2379,0.8326358677625967,0.0,0.0,0.54,0.0,0.46
2380,0.8398909347686156,0.0,0.0,0.53,0.0,0.47
2381,0.8592542119037901,0.0,0.0,0.46,0.0,0.54
2382,0.8280676405998286,0.0,0.0,0.44,0.0,0.56
2383,0.8206276527419862,0.0,0.0,0.48,0.01,0.51
2384,0.833312353930977,0.0,0.0,0.55,0.0,0.45
2385,0.829035120440809,0.0,0.0,0.5,0.0,0.5
2386,0.8541537322118745,0.0,0.0,0.46,0.0,0.54
2387,0.8291298987153851,0.0,0.0,0.33,0.0,0.67
2388,0.8385783252381147,0.0,0.0,0.33,0.0,0.67
2389,0.815868816957445,0.0,0.0,0.28,0.0,0.72
2390,0.7995968936360025,0.0,0.0,0.19,0.0,0.81
2391,0.8173489914041976,0.0,0.0,0.17,0.0,0.83
2392,0.8238759177931211,0.0,0.0,0.09,0.0,0.91
2393,0.8040579337096324,0.0,0.0,0.08,0.0,0.92
2394,0.8205493250804305,0.0,0.0,0.05,0.0,0.95
2395,0.8126640240669813,0.0,0.0,0.03,0.01,0.96
2396,0.8087796003686654,0.0,0.0,0.03,0.02,0.95
2397,0.8001429846056406,0.0,0.0,0.01,0.03,0.96
2398,0.8031020473790715,0.0,0.0,0.02,0.01,0.97
2399,0.6799999999999993,0.0,0.0,0.05,0.01,0.94
2400,0.6866666666666663,0.0,0.0,0.07,0.01,0.92
2401,0.6766666666666662,0.0,0.0,0.07,0.01,0.92
2402,0.683333333333333,0.0,0.0,0.05,0.04,0.91
2403,0.6883333333333327,0.0,0.0,0.08,0.05,0.87
2404,0.6899999999999998,0.0,0.0,0.15,0.02,0.83
2405,0.701666666666666,0.0,0.0,0.18,0.02,0.8
2406,0.7016666666666661,0.0,0.0,0.15,0.01,0.84
2407,0.693333333333333,0.0,0.0,0.17,0.0,0.83
2408,0.7150068129192342,0.0,0.0,0.21,0.0,0.79
2409,0.7183401462525681,0.0,0.0,0.23,0.0,0.77
2410,0.7283401462525677,0.0,0.0,0.33,0.0,0.67
2411,0.7483469591718022,0.01,0.0,0.46,0.0,0.53
2412,0.7400068129192344,0.01,0.0,0.51,0.0,0.48
2413,0.7499999999999996,0.01,0.0,0.54,0.0,0.45
2414,0.7583333333333334,0.01,0.0,0.44,0.0,0.55
2415,0.7688650329227908,0.02,0.0,0.52,0.0,0.46
2416,0.7990032249327886,0.04,0.0,0.57,0.0,0.39
2417,0.8083333333333329,0.0,0.0,0.67,0.0,0.33
2418,0.8516666666666669,0.0,0.0,0.7,0.0,0.3
2419,0.8533333333333338,0.0,0.0,0.75,0.0,0.25
2420,0.8716666666666668,0.0,0.0,0.81,0.0,0.19
2421,0.885,0.0,0.0,0.82,0.0,0.18
2422,0.9051031501459874,0.0,0.0,0.82,0.0,0.18
2423,0.9166666666666665,0.0,0.0,0.87,0.0,0.13
2424,0.91,0.0,0.0,0.88,0.0,0.12
2425,0.931666666666667,0.0,0.0,0.88,0.0,0.12
2426,0.9150000000000003,0.0,0.0,0.87,0.0,0.13
2427,0.9250000000000003,0.01,0.0,0.91,0.0,0.08
2428,0.9383333333333336,0.0,0.0,0.94,0.0,0.06
2429,0.9283333333333332,0.0,0.0,0.88,0.0,0.12
2430,0.9250000000000002,0.01,0.0,0.88,0.0,0.11
2431,0.9250068129192346,0.01,0.0,0.88,0.0,0.11
2432,0.9133333333333334,0.02,0.0,0.84,0.0,0.14
2433,0.9066734795859009,0.08,0.0,0.8,0.0,0.12
2434,0.8950068129192345,0.06,0.0,0.85,0.01,0.08
2435,0.9116666666666666,0.02,0.0,0.91,0.0,0.07
2436,0.9233333333333333,0.03,0.0,0.87,0.0,0.1
2437,0.9066666666666666,0.02,0.0,0.83,0.0,0.15
2438,0.9033333333333331,0.01,0.0,0.87,0.0,0.12
2439,0.9233333333333335,0.0,0.0,0.89,0.0,0.11
2440,0.9083333333333331,0.0,0.0,0.89,0.0,0.11
2441,0.8849999999999999,0.0,0.0,0.83,0.0,0.17
2442,0.8983333333333335,0.01,0.0,0.83,0.0,0.16
2443,0.9049999999999998,0.02,0.0,0.8,0.0,0.18
2444,0.9183333333333336,0.05,0.0,0.85,0.0,0.1
2445,0.9133333333333334,0.04,0.0,0.87,0.0,0.09
2446,0.8929427533132145,0.05,0.0,0.81,0.01,0.13
2447,0.9014713766566073,0.07,0.0,0.8,0.0,0.13
2448,0.9233333333333335,0.06,0.0,0.8,0.0,0.14
2449,0.9000068129192347,0.07,0.0,0.78,0.01,0.14
2450,0.9133333333333334,0.1,0.0,0.75,0.0,0.15
2451,0.8799999999999997,0.08,0.0,0.74,0.01,0.17
2452,0.8633333333333334,0.11,0.0,0.72,0.02,0.15
2453,0.9016666666666668,0.08,0.0,0.77,0.0,0.15
2454,0.8700000000000003,0.07,0.0,0.72,0.0,0.21
2455,0.8916734795859012,0.06,0.0,0.75,0.0,0.19
2456,0.8966734795859013,0.07,0.0,0.74,0.0,0.19
2457,0.8916666666666668,0.04,0.0,0.8,0.0,0.16
2458,0.915,0.02,0.0,0.85,0.0,0.13
2459,0.898340146252568,0.03,0.0,0.73,0.0,0.24
2460,0.8833333333333334,0.07,0.0,0.73,0.0,0.2
2461,0.915,0.11,0.0,0.74,0.0,0.15
2462,0.9266666666666665,0.11,0.0,0.77,0.0,0.12
2463,0.9250068129192347,0.07,0.0,0.8,0.0,0.13
2464,0.8916666666666666,0.08,0.0,0.72,0.0,0.2
2465,0.9099999999999998,0.06,0.0,0.78,0.0,0.16
2466,0.895,0.05,0.0,0.75,0.0,0.2
2467,0.9116734795859008,0.04,0.0,0.77,0.0,0.19
2468,0.9216666666666667,0.04,0.0,0.86,0.0,0.1
2469,0.926797194488171,0.0,0.0,0.9,0.0,0.1
2470,0.9533333333333333,0.0,0.0,0.94,0.0,0.06
2471,0.9483333333333335,0.0,0.0,0.93,0.0,0.07
2472,0.9400000000000003,0.0,0.0,0.92,0.0,0.08
2473,0.943333333333333,0.0,0.0,0.92,0.0,0.08
2474,0.9416666666666665,0.0,0.0,0.89,0.0,0.11
2475,0.9366666666666664,0.0,0.0,0.91,0.0,0.09
2476,0.96,0.0,0.0,0.96,0.0,0.04
2477,0.9333333333333336,0.01,0.0,0.87,0.0,0.12
2478,0.9333333333333337,0.0,0.0,0.88,0.0,0.12
2479,0.925,0.0,0.0,0.78,0.0,0.22
2480,0.9433333333333332,0.0,0.0,0.85,0.0,0.15
2481,0.9450000000000003,0.0,0.0,0.87,0.0,0.13
2482,0.945,0.0,0.0,0.88,0.0,0.12
2483,0.9416666666666668,0.0,0.0,0.88,0.0,0.12
2484,0.955,0.0,0.0,0.92,0.01,0.07
2485,0.9583333333333335,0.0,0.0,0.91,0.0,0.09
2486,0.9616666666666669,0.01,0.0,0.9,0.0,0.09
2487,0.9500000000000002,0.0,0.0,0.86,0.0,0.14
2488,0.94,0.01,0.0,0.82,0.0,0.17
2489,0.9483333333333335,0.02,0.0,0.83,0.0,0.15
2490,0.9433333333333332,0.01,0.0,0.83,0.0,0.16
2491,0.95,0.01,0.0,0.84,0.01,0.14
2492,0.9400000000000002,0.01,0.0,0.87,0.03,0.09
2493,0.9316666666666665,0.01,0.0,0.84,0.01,0.14
2494,0.935,0.03,0.0,0.82,0.01,0.14
2495,0.925,0.03,0.0,0.75,0.01,0.21
2496,0.9183333333333334,0.03,0.0,0.78,0.01,0.18
2497,0.9283333333333336,0.05,0.0,0.78,0.03,0.14
2498,0.9216666666666667,0.04,0.0,0.8,0.02,0.14
2499,0.55,0.03,0.0,0.86,0.02,0.09
2500,0.565,0.02,0.0,0.85,0.03,0.1
2501,0.5828280342581353,0.03,0.0,0.82,0.08,0.07
2502,0.6161613675914687,0.0,0.0,0.73,0.15,0.12
2503,0.6506854324548094,0.0,0.0,0.59,0.17,0.24
2504,0.6614202794803228,0.0,0.0,0.48,0.24,0.28
2505,0.699411940001583,0.0,0.0,0.5,0.28,0.22
2506,0.7132452415177177,0.02,0.0,0.48,0.35,0.15
2507,0.7561430123396805,0.02,0.0,0.42,0.42,0.14
2508,0.7961907315300073,0.03,0.0,0.33,0.48,0.16
2509,0.76,0.06,0.0,0.29,0.48,0.17
2510,0.8066666666666668,0.05,0.0,0.25,0.56,0.14
2511,0.8357258050800981,0.05,0.0,0.18,0.64,0.13
2512,0.8357258050800982,0.1,0.0,0.14,0.68,0.08
2513,0.8487550121180354,0.06,0.0,0.11,0.73,0.1
2514,0.8728684068834243,0.04,0.0,0.08,0.71,0.17
2515,0.8561959399561802,0.03,0.0,0.08,0.67,0.22
2516,0.860459126189332,0.05,0.0,0.07,0.68,0.2
2517,0.8741766909027369,0.07,0.0,0.06,0.7,0.17
2518,0.8966867151388067,0.09,0.0,0.03,0.77,0.11
2519,0.8787750605901753,0.11,0.0,0.04,0.69,0.16
2520,0.9025300727082097,0.15,0.0,0.04,0.67,0.14
2521,0.8821216174855419,0.14,0.0,0.05,0.62,0.19
2522,0.8778031418447162,0.17,0.0,0.07,0.62,0.14
2523,0.8895240648633406,0.17,0.0,0.04,0.66,0.13
2524,0.8934793769207048,0.21,0.0,0.02,0.64,0.13
2525,0.8916666666666666,0.18,0.0,0.01,0.64,0.17
2526,0.9066666666666666,0.11,0.0,0.04,0.66,0.19
2527,0.8883333333333333,0.11,0.0,0.06,0.71,0.12
2528,0.8850000000000001,0.1,0.0,0.03,0.74,0.13
2529,0.9148978769592999,0.09,0.0,0.02,0.77,0.12
2530,0.9163124677959565,0.09,0.0,0.05,0.76,0.1
2531,0.887979134462623,0.08,0.0,0.07,0.76,0.09
2532,0.8695350735500912,0.09,0.0,0.06,0.71,0.14
2533,0.905,0.09,0.0,0.05,0.74,0.12
2534,0.9095240648633408,0.08,0.0,0.0,0.8,0.12
2535,0.8950000000000002,0.08,0.0,0.0,0.74,0.18
2536,0.9367341465806579,0.08,0.0,0.01,0.75,0.16
2537,0.9097918447166613,0.06,0.0,0.03,0.73,0.18
2538,0.9146404460018988,0.04,0.0,0.1,0.73,0.13
2539,0.9081560460801712,0.05,0.0,0.1,0.72,0.13
2540,0.8781140942906057,0.04,0.0,0.07,0.72,0.17
2541,0.8763799477099475,0.02,0.0,0.08,0.71,0.19
2542,0.8979638534533951,0.03,0.0,0.06,0.73,0.18
2543,0.9361469459495175,0.01,0.0,0.02,0.77,0.2
2544,0.9176623829965429,0.01,0.0,0.02,0.79,0.18
2545,0.9102398871466044,0.03,0.0,0.03,0.73,0.21
2546,0.9126924155059041,0.04,0.0,0.03,0.72,0.21
2547,0.9417541950527982,0.04,0.0,0.05,0.81,0.1
2548,0.9383533818054731,0.03,0.0,0.07,0.8,0.1
2549,0.9412650363541049,0.04,0.0,0.05,0.81,0.1
2550,0.9267252786161917,0.05,0.0,0.04,0.79,0.12
2551,0.9433333333333332,0.06,0.0,0.02,0.85,0.07
2552,0.9300000000000002,0.04,0.0,0.01,0.85,0.1
2553,0.9283333333333335,0.02,0.0,0.02,0.83,0.13
2554,0.9316666666666664,0.01,0.0,0.02,0.84,0.13
2555,0.9399999999999998,0.01,0.0,0.0,0.86,0.13
2556,0.9483333333333335,0.03,0.0,0.0,0.84,0.13
2557,0.9276279281713536,0.07,0.0,0.0,0.75,0.18
2558,0.9083180523241056,0.07,0.0,0.0,0.75,0.18
2559,0.9527308516929655,0.05,0.0,0.02,0.8,0.13
2560,0.9394802792828512,0.07,0.0,0.03,0.75,0.15
2561,0.9503236368522547,0.08,0.0,0.04,0.77,0.11
2562,0.9524594137454743,0.08,0.0,0.02,0.77,0.13
2563,0.9565686247342196,0.1,0.0,0.02,0.78,0.1
2564,0.9388072110227985,0.09,0.0,0.01,0.7,0.2
2565,0.9255887890453078,0.04,0.0,0.0,0.71,0.25
2566,0.9219165378504921,0.03,0.0,0.0,0.76,0.21
2567,0.9325268936594658,0.05,0.0,0.0,0.7,0.25
2568,0.9288393614554219,0.05,0.0,0.0,0.69,0.26
2569,0.9173613718130273,0.04,0.0,0.0,0.66,0.3
2570,0.919043319488922,0.04,0.0,0.0,0.65,0.31
2571,0.9082910491058471,0.04,0.0,0.02,0.64,0.3
2572,0.9448845193741211,0.07,0.0,0.04,0.71,0.18
2573,0.9509023080124049,0.02,0.0,0.03,0.73,0.22
2574,0.9449974360718397,0.02,0.0,0.01,0.81,0.16
2575,0.9442630106261528,0.01,0.0,0.01,0.78,0.2
2576,0.9623423447054271,0.01,0.0,0.0,0.85,0.14
2577,0.9718154250405234,0.0,0.0,0.01,0.89,0.1
2578,0.9817936662936962,0.0,0.0,0.0,0.94,0.06
2579,0.950344145678391,0.0,0.0,0.0,0.87,0.13
2580,0.9502171460513612,0.02,0.0,0.01,0.83,0.14
2581,0.9364748381623298,0.02,0.0,0.01,0.79,0.18
2582,0.9163710797454817,0.03,0.0,0.01,0.77,0.19
2583,0.9134649717360745,0.04,0.0,0.01,0.76,0.19
2584,0.9415268671219169,0.03,0.0,0.01,0.81,0.15
2585,0.9195646135340648,0.02,0.0,0.0,0.78,0.2
2586,0.9304731384742521,0.01,0.0,0.0,0.76,0.23
2587,0.9281182780672494,0.01,0.0,0.0,0.79,0.2
2588,0.9547132810432811,0.01,0.0,0.0,0.81,0.18
2589,0.9219012568412644,0.01,0.0,0.01,0.74,0.24
2590,0.9269840177644835,0.03,0.0,0.01,0.71,0.25
2591,0.9207918295423936,0.02,0.0,0.0,0.74,0.24
2592,0.9164585113833276,0.04,0.0,0.0,0.75,0.21
2593,0.9326249355919127,0.04,0.0,0.0,0.8,0.16
2594,0.9297132810432811,0.08,0.0,0.0,0.76,0.16
2595,0.9116972933779602,0.07,0.0,0.01,0.72,0.2
2596,0.9287550121180349,0.08,0.0,0.01,0.78,0.13
2597,0.9383333333333332,0.06,0.0,0.02,0.84,0.08
2598,0.9416666666666664,0.1,0.0,0.0,0.78,0.12
2599,0.6849999999999996,0.11,0.0,0.01,0.73,0.15
2600,0.6949999999999997,0.09,0.0,0.01,0.72,0.18
2601,0.6966666666666663,0.05,0.0,0.03,0.7,0.22
2602,0.7099999999999999,0.03,0.0,0.02,0.65,0.3
2603,0.703333333333333,0.03,0.0,0.04,0.6,0.33
2604,0.7199999999999999,0.01,0.0,0.04,0.59,0.36
2605,0.7075362241468574,0.01,0.0,0.03,0.49,0.47
2606,0.723333333333333,0.02,0.0,0.02,0.48,0.48
2607,0.7183333333333333,0.01,0.0,0.06,0.49,0.44
2608,0.7304445487994617,0.02,0.0,0.04,0.41,0.53
2609,0.7465948775463922,0.03,0.0,0.03,0.44,0.5
2610,0.762320527199315,0.03,0.0,0.04,0.42,0.51
2611,0.7544703329162732,0.02,0.0,0.06,0.41,0.51
2612,0.761451299305845,0.01,0.0,0.08,0.39,0.52
2613,0.7464512993058449,0.03,0.0,0.12,0.4,0.45
2614,0.7523923163195891,0.05,0.0,0.15,0.28,0.52
2615,0.7645014576886191,0.08,0.0,0.16,0.23,0.53
2616,0.7666266614921795,0.07,0.0,0.18,0.23,0.52
2617,0.7529226425767565,0.05,0.0,0.19,0.18,0.58
2618,0.7531642121019027,0.06,0.0,0.14,0.23,0.57
2619,0.762729720598265,0.08,0.0,0.17,0.17,0.58
2620,0.7799522565129817,0.12,0.0,0.23,0.08,0.57
2621,0.8010630539315986,0.06,0.0,0.29,0.09,0.56
2622,0.7935512050047167,0.05,0.0,0.36,0.14,0.45
2623,0.8143480693049979,0.03,0.0,0.41,0.07,0.49
2624,0.7814975454352359,0.0,0.0,0.4,0.07,0.53
2625,0.8042275956202214,0.0,0.0,0.4,0.05,0.55
2626,0.8077300501849852,0.0,0.0,0.39,0.05,0.56
2627,0.7837683993098861,0.0,0.0,0.41,0.07,0.52
2628,0.8129528984133025,0.0,0.0,0.43,0.09,0.48
2629,0.810205515899021,0.0,0.0,0.49,0.06,0.45
2630,0.8054887929734394,0.0,0.0,0.47,0.04,0.49
2631,0.8287740532330348,0.0,0.0,0.55,0.0,0.45
2632,0.8301934964514076,0.0,0.0,0.55,0.0,0.45
2633,0.8079715869651989,0.0,0.0,0.55,0.0,0.45
2634,0.845,0.0,0.0,0.53,0.0,0.47
2635,0.8285749028584793,0.0,0.0,0.51,0.01,0.48
2636,0.8149734693315587,0.0,0.0,0.54,0.02,0.44
2637,0.8319727392376279,0.0,0.0,0.5,0.0,0.5
2638,0.8218146070629728,0.0,0.0,0.47,0.0,0.53
2639,0.8469138901149601,0.0,0.0,0.48,0.0,0.52
2640,0.8266666666666664,0.0,0.0,0.49,0.0,0.51
2641,0.8141766569868707,0.0,0.0,0.44,0.0,0.56
2642,0.8449999999999998,0.0,0.0,0.5,0.0,0.5
2643,0.821739708643957,0.0,0.0,0.48,0.0,0.52
2644,0.8364868312725156,0.0,0.0,0.51,0.0,0.49
2645,0.8680920933949079,0.0,0.0,0.57,0.01,0.42
2646,0.8237330350331348,0.0,0.0,0.53,0.0,0.47
2647,0.8392787125028353,0.0,0.0,0.51,0.0,0.49
2648,0.8306616775396869,0.0,0.0,0.52,0.0,0.48
2649,0.8501479403963059,0.0,0.0,0.46,0.0,0.54
2650,0.8329950995946916,0.0,0.0,0.43,0.0,0.57
2651,0.8411057699239766,0.0,0.0,0.4,0.0,0.6
2652,0.8253820361003598,0.0,0.0,0.44,0.0,0.56
2653,0.8250424228342798,0.0,0.0,0.52,0.0,0.48
2654,0.8509552693479827,0.0,0.0,0.66,0.0,0.34
2655,0.8566025154131449,0.0,0.0,0.65,0.0,0.35
2656,0.8716632022455808,0.0,0.0,0.7,0.0,0.3
2657,0.8775603836219155,0.0,0.0,0.75,0.0,0.25
2658,0.8843134333562948,0.0,0.0,0.78,0.0,0.22
2659,0.8785841212227632,0.0,0.0,0.76,0.0,0.24
2660,0.8985265028119845,0.0,0.0,0.85,0.0,0.15
2661,0.9089048546696451,0.0,0.0,0.88,0.0,0.12
2662,0.9025343118897549,0.0,0.0,0.88,0.0,0.12
2663,0.9138676392806613,0.0,0.0,0.93,0.0,0.07
2664,0.9161516326185304,0.0,0.0,0.88,0.0,0.12
2665,0.8854773008494911,0.0,0.0,0.89,0.0,0.11
2666,0.9023388936620802,0.0,0.0,0.88,0.0,0.12
2667,0.9009519635432934,0.0,0.0,0.86,0.0,0.14
2668,0.8970530692790953,0.0,0.0,0.87,0.0,0.13
2669,0.9076089911347642,0.0,0.0,0.87,0.0,0.13
2670,0.899732815828665,0.0,0.0,0.82,0.0,0.18
2671,0.9021843237759261,0.0,0.0,0.82,0.0,0.18
2672,0.9340681510097384,0.0,0.0,0.84,0.0,0.16
2673,0.9170419946309686,0.0,0.0,0.78,0.0,0.22
2674,0.9152547868130039,0.01,0.0,0.78,0.0,0.21
2675,0.9109328301496181,0.02,0.0,0.78,0.0,0.2
2676,0.9359341717640828,0.0,0.0,0.83,0.0,0.17
2677,0.9434109046994463,0.0,0.0,0.89,0.0,0.11
2678,0.9529942062951787,0.0,0.0,0.89,0.0,0.11
2679,0.9436336667629132,0.0,0.0,0.87,0.0,0.13
2680,0.9185105921236059,0.0,0.0,0.87,0.0,0.13
2681,0.9364427019037629,0.0,0.0,0.84,0.0,0.16
2682,0.9144813907395546,0.0,0.0,0.88,0.0,0.12
2683,0.9326456240461378,0.0,0.0,0.83,0.0,0.17
2684,0.9268621214294914,0.0,0.0,0.83,0.0,0.17
2685,0.9436752945797445,0.0,0.0,0.83,0.0,0.17
2686,0.9482220128847447,0.0,0.0,0.85,0.0,0.15
2687,0.9419623426981496,0.0,0.0,0.87,0.0,0.13
2688,0.9311541351349623,0.0,0.0,0.91,0.0,0.09
2689,0.9423540151762663,0.0,0.0,0.95,0.0,0.05
2690,0.9599505870837823,0.0,0.0,0.94,0.0,0.06
2691,0.9434423518419978,0.0,0.0,0.93,0.0,0.07
2692,0.9561939605329222,0.0,0.0,0.92,0.0,0.08
2693,0.954328390656359,0.0,0.0,0.91,0.0,0.09
2694,0.9379596091200658,0.01,0.0,0.87,0.0,0.12
2695,0.9242959032646554,0.01,0.0,0.86,0.0,0.13
2696,0.9374515835268825,0.03,0.0,0.81,0.0,0.16
2697,0.9581534979391821,0.07,0.0,0.8,0.0,0.13
2698,0.9682732824144625,0.09,0.0,0.85,0.0,0.06
2699,0.45166666666666655,0.08,0.0,0.79,0.01,0.12
2700,0.48833333333333334,0.12,0.0,0.74,0.0,0.14
2701,0.4849999999999999,0.15,0.0,0.62,0.01,0.22
2702,0.5407313596455833,0.11,0.0,0.57,0.0,0.32
2703,0.5573980263122499,0.04,0.0,0.62,0.0,0.34
2704,0.5672524729937674,0.03,0.0,0.71,0.0,0.26
2705,0.6251147681021862,0.01,0.0,0.62,0.0,0.37
2706,0.6242248372384208,0.0,0.0,0.62,0.0,0.38
2707,0.659966647081282,0.0,0.0,0.57,0.0,0.43
2708,0.7061382597354838,0.0,0.0,0.44,0.0,0.56
2709,0.7042895537536568,0.0,0.0,0.39,0.0,0.61
2710,0.7183750861445491,0.0,0.0,0.31,0.0,0.69
2711,0.743293728383511,0.0,0.0,0.31,0.0,0.69
2712,0.7310918279344853,0.0,0.0,0.29,0.01,0.7
2713,0.7422164913900474,0.0,0.0,0.26,0.01,0.73
2714,0.7541580704184042,0.0,0.0,0.21,0.0,0.79
2715,0.7722187825350701,0.0,0.0,0.31,0.0,0.69
2716,0.7584788563588855,0.0,0.0,0.31,0.0,0.69
2717,0.7824596832461228,0.0,0.0,0.37,0.0,0.63
2718,0.7671564939987771,0.0,0.0,0.38,0.0,0.62
2719,0.7595810770682192,0.0,0.0,0.41,0.0,0.59
2720,0.7832827304956608,0.0,0.0,0.33,0.0,0.67
2721,0.7830625888448863,0.0,0.0,0.42,0.0,0.58
2722,0.7700041678732431,0.0,0.0,0.49,0.0,0.51
2723,0.779119517552112,0.0,0.0,0.5,0.0,0.5
2724,0.766754367838028,0.0,0.0,0.49,0.0,0.51
2725,0.7811997963149956,0.0,0.0,0.5,0.0,0.5
2726,0.7739807336623754,0.0,0.0,0.52,0.0,0.48
2727,0.783062588844886,0.0,0.0,0.47,0.0,0.53
2728,0.7625221586751033,0.0,0.0,0.5,0.0,0.5
2729,0.768959289137398,0.01,0.0,0.59,0.0,0.4
2730,0.7899339035709887,0.0,0.0,0.57,0.01,0.42
2731,0.7898226632439709,0.0,0.0,0.55,0.01,0.44
2732,0.7958101158511187,0.0,0.0,0.53,0.0,0.47
2733,0.7842530208992144,0.0,0.0,0.54,0.0,0.46
2734,0.770403273183648,0.0,0.0,0.48,0.0,0.52
2735,0.7930428015164401,0.0,0.0,0.45,0.0,0.55
2736,0.7890902515148581,0.0,0.0,0.41,0.0,0.59
2737,0.7948404305605671,0.01,0.0,0.34,0.0,0.65
2738,0.8026771368401134,0.03,0.0,0.35,0.0,0.62
2739,0.8003031263154143,0.04,0.0,0.26,0.0,0.7
2740,0.7961116152629313,0.04,0.0,0.26,0.0,0.7
2741,0.7854444511747921,0.05,0.0,0.33,0.0,0.62
2742,0.7896291086433191,0.05,0.0,0.34,0.0,0.61
2743,0.8023766356495513,0.03,0.0,0.37,0.0,0.6
2744,0.7867908293224507,0.03,0.0,0.37,0.0,0.6
2745,0.7802457001867161,0.05,0.0,0.32,0.0,0.63
2746,0.7689739103713502,0.07,0.0,0.38,0.0,0.55
2747,0.7811158763610371,0.04,0.0,0.4,0.0,0.56
2748,0.784629108643319,0.05,0.0,0.32,0.01,0.62
2749,0.8070657416841408,0.01,0.0,0.4,0.0,0.59
2750,0.8062452027652435,0.0,0.0,0.4,0.01,0.59
2751,0.7997173199883129,0.0,0.0,0.27,0.02,0.71
2752,0.7929358852194602,0.0,0.0,0.25,0.0,0.75
2753,0.8118096487225767,0.0,0.0,0.22,0.0,0.78
2754,0.7884455301729468,0.0,0.0,0.26,0.0,0.74
2755,0.8128597238458459,0.0,0.0,0.23,0.0,0.77
2756,0.798145961987628,0.0,0.0,0.19,0.0,0.81
2757,0.7915090988589069,0.0,0.0,0.13,0.0,0.87
2758,0.789893986415333,0.0,0.0,0.07,0.01,0.92
2759,0.7831125516464806,0.0,0.0,0.06,0.01,0.93
2760,0.8001147681021861,0.0,0.0,0.08,0.01,0.91
2761,0.8102295362043719,0.0,0.0,0.08,0.0,0.92
2762,0.8129977835442943,0.0,0.0,0.09,0.0,0.91
2763,0.7868962028710389,0.0,0.0,0.11,0.0,0.89
2764,0.8005825950284499,0.0,0.0,0.11,0.0,0.89
2765,0.7858121312328226,0.0,0.0,0.07,0.0,0.93
2766,0.7908121312328223,0.0,0.0,0.06,0.0,0.94
2767,0.7755610455928852,0.0,0.0,0.09,0.0,0.91
2768,0.7771388608784797,0.0,0.0,0.1,0.0,0.9
2769,0.7823552752797834,0.0,0.0,0.07,0.0,0.93
2770,0.7939071738442641,0.0,0.0,0.08,0.0,0.92
2771,0.7804590724087446,0.0,0.0,0.05,0.0,0.95
2772,0.7945198298977225,0.0,0.0,0.05,0.0,0.95
2773,0.7975474656530694,0.0,0.0,0.06,0.0,0.94
2774,0.7983333333333336,0.0,0.0,0.02,0.01,0.97
2775,0.7919477084210247,0.0,0.0,0.02,0.0,0.98
2776,0.8024326975508832,0.0,0.0,0.04,0.0,0.96
2777,0.7933333333333333,0.0,0.0,0.06,0.0,0.94
2778,0.7900000000000003,0.0,0.0,0.09,0.0,0.91
2779,0.7878830154421083,0.0,0.0,0.07,0.0,0.93
2780,0.7733333333333334,0.0,0.0,0.05,0.0,0.95
2781,0.7828830154421085,0.0,0.0,0.06,0.01,0.93
2782,0.7916666666666665,0.0,0.0,0.07,0.01,0.92
2783,0.7895496821087749,0.0,0.0,0.06,0.01,0.93
2784,0.7916666666666667,0.0,0.0,0.04,0.01,0.95
2785,0.7883333333333331,0.0,0.0,0.01,0.03,0.96
2786,0.7933333333333333,0.0,0.0,0.01,0.04,0.95
2787,0.8217814347688526,0.0,0.0,0.0,0.1,0.9
2788,0.808333333333333,0.0,0.0,0.0,0.13,0.87
2789,0.8270109709732248,0.0,0.0,0.01,0.17,0.82
2790,0.8084481014355194,0.0,0.0,0.03,0.19,0.78
2791,0.8151147681021856,0.0,0.0,0.0,0.22,0.78
2792,0.8349999999999995,0.0,0.0,0.0,0.3,0.7
2793,0.8467814347688524,0.02,0.0,0.0,0.33,0.65
2794,0.8579977835442942,0.02,0.0,0.0,0.35,0.63
2795,0.8349999999999997,0.04,0.0,0.0,0.33,0.63
2796,0.8551445716401308,0.05,0.0,0.0,0.35,0.6
2797,0.8717814347688528,0.08,0.0,0.0,0.44,0.48
2798,0.885,0.09,0.0,0.01,0.48,0.42
2799,0.6633333333333327,0.11,0.0,0.02,0.45,0.42
2800,0.6716666666666662,0.19,0.0,0.01,0.36,0.44
2801,0.6599999999999995,0.17,0.0,0.02,0.34,0.47
2802,0.6790983196401515,0.14,0.0,0.04,0.25,0.57
2803,0.6666666666666663,0.11,0.0,0.03,0.23,0.63
2804,0.6749999999999996,0.11,0.0,0.06,0.2,0.63
2805,0.6766666666666662,0.06,0.0,0.05,0.3,0.59
2806,0.6947677619795257,0.02,0.0,0.08,0.37,0.53
2807,0.6976638909939586,0.04,0.0,0.02,0.32,0.62
2808,0.708333333333333,0.0,0.0,0.03,0.32,0.65
2809,0.7299999999999998,0.0,0.0,0.0,0.32,0.68
2810,0.7183333333333334,0.0,0.0,0.0,0.34,0.66
2811,0.7249999999999998,0.0,0.0,0.0,0.27,0.73
2812,0.7350000000000001,0.0,0.0,0.01,0.21,0.78
2813,0.741666666666667,0.01,0.0,0.01,0.17,0.81
2814,0.7533333333333334,0.01,0.0,0.01,0.12,0.86
2815,0.7500000000000001,0.0,0.0,0.03,0.12,0.85
2816,0.7483333333333332,0.0,0.0,0.04,0.12,0.84
2817,0.7525695157066433,0.0,0.0,0.05,0.13,0.82
2818,0.7559028490399765,0.0,0.0,0.09,0.13,0.78
2819,0.7725695157066431,0.0,0.0,0.09,0.13,0.78
2820,0.7816666666666666,0.0,0.0,0.11,0.12,0.77
2821,0.8050000000000003,0.0,0.0,0.19,0.11,0.7
2822,0.7966666666666669,0.0,0.0,0.2,0.11,0.69
2823,0.8299999999999997,0.0,0.0,0.3,0.07,0.63
2824,0.8199999999999998,0.0,0.0,0.27,0.07,0.66
2825,0.8483333333333336,0.01,0.0,0.38,0.05,0.56
2826,0.8483333333333332,0.02,0.0,0.42,0.01,0.55
2827,0.8805895253874056,0.01,0.0,0.52,0.0,0.47
2828,0.9066666666666667,0.02,0.0,0.61,0.01,0.36
2829,0.9043305576606256,0.02,0.0,0.66,0.01,0.31
2830,0.9083333333333331,0.0,0.0,0.67,0.0,0.33
2831,0.9166666666666669,0.0,0.0,0.7,0.0,0.3
2832,0.918333333333333,0.0,0.0,0.69,0.0,0.31
2833,0.9166666666666667,0.0,0.0,0.71,0.0,0.29
2834,0.9076638909939594,0.01,0.0,0.65,0.0,0.34
2835,0.9033333333333333,0.01,0.0,0.67,0.0,0.32
2836,0.9183333333333334,0.0,0.0,0.7,0.0,0.3
2837,0.9066666666666667,0.0,0.0,0.64,0.0,0.36
2838,0.9133333333333333,0.0,0.0,0.65,0.0,0.35
2839,0.9083333333333331,0.0,0.0,0.7,0.0,0.3
2840,0.9016666666666664,0.0,0.0,0.68,0.0,0.32
2841,0.9466666666666665,0.0,0.0,0.82,0.0,0.18
2842,0.9433333333333335,0.0,0.0,0.83,0.0,0.17
2843,0.9483333333333333,0.0,0.0,0.87,0.0,0.13
2844,0.9516666666666667,0.0,0.0,0.88,0.0,0.12
2845,0.9566666666666666,0.01,0.0,0.86,0.0,0.13
2846,0.9416666666666669,0.01,0.0,0.81,0.0,0.18
2847,0.9566666666666664,0.01,0.0,0.84,0.0,0.15
2848,0.9616666666666664,0.03,0.0,0.84,0.0,0.13
2849,0.9633333333333333,0.04,0.0,0.84,0.0,0.12
2850,0.9633333333333332,0.08,0.0,0.82,0.01,0.09
2851,0.9500000000000002,0.08,0.0,0.77,0.03,0.12
2852,0.9533333333333335,0.05,0.0,0.82,0.04,0.09
2853,0.9466666666666669,0.07,0.0,0.77,0.04,0.12
2854,0.9416666666666669,0.1,0.0,0.75,0.02,0.13
2855,0.9466666666666668,0.06,0.0,0.76,0.01,0.17
2856,0.9416666666666668,0.02,0.0,0.79,0.01,0.18
2857,0.9527279756634188,0.04,0.0,0.83,0.02,0.11
2858,0.9647677619795261,0.05,0.0,0.85,0.02,0.08
2859,0.9647677619795261,0.05,0.0,0.86,0.0,0.09
2860,0.9483333333333331,0.07,0.0,0.79,0.0,0.14
2861,0.9566666666666666,0.06,0.0,0.79,0.0,0.15
2862,0.9416666666666668,0.04,0.0,0.78,0.0,0.18
2863,0.9316666666666669,0.04,0.0,0.76,0.0,0.2
2864,0.9283333333333332,0.03,0.0,0.71,0.01,0.25
2865,0.9366666666666669,0.02,0.0,0.75,0.03,0.2
2866,0.9250000000000002,0.03,0.0,0.74,0.03,0.2
2867,0.9366666666666668,0.03,0.0,0.76,0.03,0.18
2868,0.9366666666666668,0.06,0.0,0.76,0.02,0.16
2869,0.9383333333333335,0.07,0.0,0.77,0.03,0.13
2870,0.942663890993959,0.06,0.0,0.78,0.02,0.14
2871,0.9366666666666664,0.09,0.0,0.75,0.03,0.13
2872,0.9466666666666665,0.1,0.0,0.79,0.02,0.09
2873,0.9466666666666665,0.11,0.0,0.78,0.03,0.08
2874,0.9583333333333333,0.05,0.0,0.87,0.01,0.07
2875,0.9716666666666666,0.03,0.0,0.92,0.01,0.04
2876,0.9733333333333334,0.01,0.0,0.92,0.0,0.07
2877,0.9683333333333333,0.02,0.0,0.88,0.0,0.1
2878,0.9533333333333335,0.03,0.0,0.87,0.0,0.1
2879,0.9404733217301149,0.02,0.0,0.83,0.01,0.14
2880,0.9383333333333332,0.04,0.0,0.8,0.02,0.14
2881,0.9416666666666665,0.06,0.0,0.77,0.0,0.17
2882,0.9449999999999997,0.06,0.0,0.75,0.0,0.19
2883,0.9450000000000003,0.07,0.0,0.74,0.0,0.19
2884,0.9433333333333332,0.07,0.0,0.68,0.0,0.25
2885,0.9483333333333331,0.04,0.0,0.78,0.0,0.18
2886,0.9649999999999999,0.03,0.0,0.84,0.01,0.12
2887,0.9516666666666669,0.03,0.0,0.83,0.01,0.13
2888,0.9416666666666668,0.07,0.0,0.77,0.02,0.14
2889,0.9416666666666668,0.04,0.0,0.81,0.05,0.1
2890,0.9649999999999999,0.04,0.0,0.84,0.02,0.1
2891,0.9583333333333331,0.06,0.0,0.83,0.02,0.09
2892,0.9631010953128596,0.03,0.0,0.86,0.0,0.11
2893,0.9577279756634186,0.04,0.0,0.89,0.0,0.07
2894,0.9516666666666669,0.05,0.0,0.89,0.0,0.06
2895,0.9683333333333333,0.02,0.0,0.91,0.0,0.07
2896,0.9566666666666667,0.02,0.0,0.83,0.01,0.14
2897,0.9493305576606261,0.02,0.0,0.88,0.02,0.08
2898,0.9526638909939592,0.02,0.0,0.88,0.0,0.1
2899,0.5016666666666667,0.0,0.0,0.9,0.0,0.1
2900,0.5083333333333334,0.0,0.0,0.92,0.0,0.08
2901,0.508634808918065,0.0,0.0,0.86,0.0,0.14
2902,0.5249999999999999,0.0,0.0,0.83,0.0,0.17
2903,0.5466666666666667,0.0,0.0,0.8,0.0,0.2
2904,0.5423835071652597,0.0,0.0,0.71,0.0,0.29
2905,0.5740501738319265,0.0,0.0,0.7,0.0,0.3
2906,0.5723835071652598,0.01,0.0,0.61,0.01,0.37
2907,0.6057168404985932,0.0,0.0,0.57,0.02,0.41
2908,0.6272265268595106,0.0,0.0,0.49,0.04,0.47
2909,0.6454104813582597,0.0,0.0,0.44,0.07,0.49
2910,0.6524232168551458,0.0,0.0,0.31,0.06,0.63
2911,0.693387179860114,0.0,0.0,0.23,0.11,0.66
2912,0.7051287122135043,0.0,0.0,0.19,0.11,0.7
2913,0.7382321040773883,0.0,0.0,0.13,0.11,0.76
2914,0.7532321040773883,0.0,0.0,0.03,0.12,0.85
2915,0.7537767450827937,0.0,0.0,0.02,0.15,0.83
2916,0.7584360749524605,0.0,0.0,0.03,0.14,0.83
2917,0.7565315786816902,0.0,0.0,0.02,0.14,0.84
2918,0.7618330542664218,0.0,0.0,0.01,0.11,0.88
2919,0.7989828398422313,0.0,0.0,0.02,0.14,0.84
2920,0.7878725690055927,0.0,0.0,0.03,0.16,0.81
2921,0.791396490696713,0.0,0.0,0.05,0.18,0.77
2922,0.7806368098984946,0.01,0.0,0.07,0.12,0.8
2923,0.7717373946135582,0.01,0.0,0.05,0.16,0.78
2924,0.7687162713814121,0.01,0.0,0.06,0.19,0.74
2925,0.7782343083978247,0.02,0.0,0.03,0.17,0.78
2926,0.7700416584208825,0.02,0.0,0.02,0.11,0.85
2927,0.7625701976460629,0.04,0.0,0.02,0.18,0.76
2928,0.7787162713814121,0.01,0.0,0.01,0.22,0.76
2929,0.7890530869303386,0.0,0.0,0.0,0.23,0.77
2930,0.794594717446916,0.0,0.0,0.0,0.25,0.75
2931,0.7838513593663887,0.0,0.0,0.0,0.24,0.76
2932,0.7911441037973371,0.01,0.0,0.0,0.21,0.78
2933,0.7903353712739856,0.02,0.0,0.0,0.27,0.71
2934,0.7795213553093862,0.02,0.0,0.0,0.29,0.69
2935,0.7726849827499913,0.02,0.0,0.0,0.24,0.74
2936,0.8022696178361296,0.03,0.0,0.0,0.18,0.79
2937,0.7943516494166577,0.03,0.0,0.01,0.18,0.78
2938,0.7959423762333876,0.02,0.0,0.02,0.19,0.77
2939,0.8047216149166401,0.02,0.0,0.01,0.26,0.71
2940,0.7810656073427286,0.0,0.0,0.03,0.18,0.79
2941,0.7929012207234034,0.0,0.0,0.02,0.23,0.75
2942,0.7917690153109491,0.0,0.0,0.02,0.2,0.78
2943,0.7876343763248914,0.01,0.0,0.01,0.18,0.8
2944,0.7763149776316799,0.01,0.0,0.01,0.18,0.8
2945,0.7929608386173441,0.03,0.0,0.02,0.2,0.75
2946,0.7940472516410751,0.02,0.0,0.0,0.2,0.78
2947,0.8009677096582244,0.01,0.0,0.0,0.25,0.74
2948,0.8151839080133079,0.01,0.0,0.0,0.31,0.68
2949,0.803584202492965,0.02,0.0,0.0,0.4,0.58
2950,0.822634376324891,0.0,0.0,0.0,0.46,0.54
2951,0.8016845501568176,0.0,0.0,0.0,0.38,0.62
2952,0.8215658467913112,0.0,0.0,0.0,0.4,0.6
2953,0.7976299552633597,0.0,0.0,0.0,0.29,0.71
2954,0.8025291353880047,0.0,0.0,0.0,0.29,0.71
2955,0.8017318713144685,0.0,0.0,0.0,0.35,0.65
2956,0.8020489149509028,0.0,0.0,0.0,0.34,0.66
2957,0.7895697956413408,0.0,0.0,0.0,0.27,0.73
2958,0.8207704909690458,0.0,0.0,0.0,0.31,0.69
2959,0.8020999203890967,0.0,0.0,0.0,0.33,0.67
2960,0.802686118544074,0.0,0.0,0.0,0.29,0.71
2961,0.8074192741455617,0.0,0.0,0.0,0.27,0.73
2962,0.8106841228820616,0.0,0.0,0.0,0.27,0.73
2963,0.7984249332829791,0.0,0.0,0.01,0.21,0.78
2964,0.8163031292734331,0.0,0.0,0.0,0.18,0.82
2965,0.7869871615356323,0.0,0.0,0.0,0.21,0.79
2966,0.8211099160329701,0.0,0.0,0.01,0.14,0.85
2967,0.8050536504704529,0.0,0.0,0.01,0.18,0.81
2968,0.806236462308007,0.0,0.0,0.0,0.19,0.81
2969,0.7814694479774879,0.0,0.0,0.0,0.15,0.85
2970,0.8100536504704529,0.0,0.0,0.01,0.16,0.83
2971,0.8169533028065998,0.0,0.0,0.02,0.18,0.8
2972,0.8026701433051932,0.0,0.0,0.03,0.25,0.72
2973,0.809820664800972,0.0,0.0,0.01,0.26,0.73
2974,0.8028276430243595,0.0,0.0,0.0,0.31,0.69
2975,0.819293720348741,0.0,0.0,0.01,0.34,0.65
2976,0.8210034766385265,0.01,0.0,0.01,0.24,0.74
2977,0.8186199694732669,0.01,0.0,0.0,0.2,0.79
2978,0.8117024336469685,0.04,0.0,0.0,0.2,0.76
2979,0.8188708386328986,0.01,0.0,0.01,0.22,0.76
2980,0.808743689792648,0.0,0.0,0.01,0.22,0.77
2981,0.8178525278679917,0.01,0.0,0.01,0.18,0.8
2982,0.8317154922049022,0.0,0.0,0.02,0.11,0.87
2983,0.8261923833251373,0.0,0.0,0.04,0.11,0.85
2984,0.8255986672535817,0.0,0.0,0.01,0.15,0.84
2985,0.8245876791314914,0.0,0.0,0.0,0.1,0.9
2986,0.8226701433051931,0.0,0.0,0.0,0.05,0.95
2987,0.8095697956413405,0.0,0.0,0.01,0.07,0.92
2988,0.7947610252483633,0.0,0.0,0.01,0.13,0.86
2989,0.7941197995412598,0.0,0.0,0.03,0.07,0.9
2990,0.7746733236007182,0.0,0.0,0.05,0.01,0.94
2991,0.7789573955606298,0.0,0.0,0.03,0.0,0.97
2992,0.7784905117631641,0.0,0.0,0.04,0.03,0.93
2993,0.8161616952123755,0.01,0.0,0.06,0.02,0.91
2994,0.8225395432402175,0.01,0.0,0.07,0.02,0.9
2995,0.8031972765981711,0.02,0.0,0.05,0.01,0.92
2996,0.8357422765085751,0.02,0.0,0.04,0.0,0.94
2997,0.8279031289746736,0.0,0.0,0.03,0.02,0.95
2998,0.8244391955763646,0.0,0.0,0.03,0.02,0.95
2999,0.6283333333333329,0.0,0.0,0.04,0.0,0.96
3000,0.6433333333333325,0.0,0.0,0.05,0.01,0.94
3001,0.6574124459036167,0.0,0.0,0.06,0.01,0.93
3002,0.6670983952334428,0.0,0.0,0.06,0.03,0.91
3003,0.6779831169478012,0.0,0.0,0.12,0.06,0.82
3004,0.6861413420883689,0.0,0.0,0.15,0.07,0.78
3005,0.7055985880319803,0.0,0.0,0.11,0.1,0.79
3006,0.7104409093173057,0.0,0.0,0.16,0.14,0.7
3007,0.7378987016868096,0.0,0.0,0.15,0.26,0.59
3008,0.7466275978715623,0.0,0.0,0.11,0.31,0.58
3009,0.748901101297771,0.0,0.0,0.07,0.34,0.59
3010,0.7728142864258187,0.0,0.0,0.03,0.46,0.51
3011,0.7891307367069534,0.0,0.0,0.02,0.49,0.49
3012,0.8071138536547552,0.01,0.0,0.03,0.54,0.42
3013,0.7875002357556447,0.03,0.0,0.03,0.49,0.45
3014,0.7948765159439038,0.04,0.0,0.02,0.51,0.43
3015,0.8127206904142983,0.05,0.0,0.02,0.55,0.38
3016,0.8099218624097912,0.05,0.0,0.02,0.59,0.34
3017,0.8206599354466797,0.01,0.0,0.0,0.61,0.38
3018,0.8401346108683821,0.01,0.0,0.0,0.66,0.33
3019,0.8430738559007643,0.02,0.0,0.0,0.65,0.33
3020,0.8474441430474576,0.04,0.0,0.0,0.65,0.31
3021,0.8555446953854416,0.04,0.0,0.0,0.62,0.34
3022,0.8413401987184936,0.02,0.0,0.0,0.56,0.42
3023,0.8508148741401961,0.03,0.0,0.0,0.58,0.39
3024,0.8554691460946411,0.07,0.0,0.0,0.53,0.4
3025,0.8630721125911475,0.06,0.0,0.0,0.6,0.34
3026,0.8711665182575404,0.09,0.0,0.0,0.69,0.22
3027,0.8644418842973808,0.06,0.0,0.02,0.69,0.23
3028,0.8779956722893671,0.04,0.0,0.01,0.77,0.18
3029,0.8551876635343312,0.04,0.0,0.01,0.72,0.23
3030,0.8494418842973804,0.06,0.0,0.0,0.73,0.21
3031,0.8664013370534167,0.02,0.0,0.01,0.76,0.21
3032,0.8606193921011078,0.0,0.0,0.01,0.82,0.17
3033,0.863031838004725,0.0,0.0,0.01,0.81,0.18
3034,0.8733912351407856,0.0,0.0,0.0,0.86,0.14
3035,0.8531707804821328,0.01,0.0,0.0,0.81,0.18
3036,0.8583458886748987,0.01,0.0,0.0,0.82,0.17
3037,0.8743121225705021,0.01,0.0,0.0,0.87,0.12
3038,0.8724703477110697,0.0,0.0,0.0,0.87,0.13
3039,0.8718996766668851,0.0,0.0,0.01,0.84,0.15
3040,0.8687414515263175,0.0,0.0,0.0,0.83,0.17
3041,0.8526001094379483,0.0,0.0,0.0,0.78,0.22
3042,0.849091667911849,0.0,0.0,0.0,0.77,0.23
3043,0.8563290056227004,0.0,0.0,0.0,0.83,0.17
3044,0.8724703477110696,0.0,0.0,0.0,0.88,0.12
3045,0.8782161269480201,0.0,0.0,0.0,0.87,0.13
3046,0.8659484794843604,0.0,0.0,0.02,0.84,0.14
3047,0.8456986239754056,0.01,0.0,0.0,0.78,0.21
3048,0.8382500123564306,0.02,0.0,0.0,0.78,0.2
3049,0.850252531271406,0.01,0.0,0.0,0.81,0.18
3050,0.8462682350728646,0.02,0.0,0.0,0.74,0.24
3051,0.8370294383937636,0.0,0.0,0.01,0.8,0.19
3052,0.8474250012451822,0.0,0.0,0.0,0.86,0.14
3053,0.8424460607736559,0.0,0.0,0.0,0.84,0.16
3054,0.8585900550036614,0.0,0.0,0.0,0.87,0.13
3055,0.8667245684741193,0.0,0.0,0.0,0.9,0.1
3056,0.8878659105624881,0.0,0.0,0.0,0.93,0.07
3057,0.8787701535480344,0.0,0.0,0.0,0.9,0.1
3058,0.8442667761046149,0.0,0.0,0.0,0.85,0.15
3059,0.840091787215863,0.0,0.0,0.0,0.8,0.2
3060,0.8579790278451968,0.01,0.0,0.0,0.79,0.2
3061,0.8496140297719689,0.01,0.0,0.0,0.83,0.16
3062,0.8565041138154662,0.0,0.0,0.0,0.86,0.14
3063,0.858206946197491,0.0,0.0,0.0,0.8,0.2
3064,0.8422045465865292,0.0,0.0,0.0,0.78,0.22
3065,0.8370531500638734,0.0,0.0,0.0,0.77,0.23
3066,0.8281129799709974,0.0,0.0,0.0,0.79,0.21
3067,0.8404351031578129,0.0,0.0,0.0,0.82,0.18
3068,0.8461447166794055,0.0,0.0,0.0,0.81,0.19
3069,0.8232633320126217,0.0,0.0,0.0,0.73,0.27
3070,0.8219536465965427,0.0,0.0,0.0,0.72,0.28
3071,0.8485628829670466,0.0,0.0,0.0,0.71,0.29
3072,0.8411530780694564,0.0,0.0,0.0,0.68,0.32
3073,0.8587332647450568,0.0,0.0,0.0,0.78,0.22
3074,0.854140268364524,0.0,0.0,0.0,0.66,0.34
3075,0.8456334738751827,0.0,0.0,0.0,0.63,0.37
3076,0.8598957960537537,0.0,0.0,0.0,0.63,0.37
3077,0.8694331900324184,0.0,0.0,0.0,0.72,0.28
3078,0.8630639002913506,0.0,0.0,0.0,0.71,0.29
3079,0.868027870154518,0.0,0.0,0.0,0.68,0.32
3080,0.8643654494379327,0.0,0.0,0.01,0.61,0.38
3081,0.8653891136296987,0.0,0.0,0.0,0.61,0.39
3082,0.8844526820032017,0.0,0.0,0.0,0.62,0.38
3083,0.884627790195967,0.0,0.0,0.0,0.58,0.42
3084,0.8902122621273156,0.0,0.0,0.0,0.63,0.37
3085,0.8883997525396594,0.0,0.0,0.0,0.61,0.39
3086,0.8874914859375491,0.0,0.0,0.0,0.55,0.45
3087,0.8834720839703752,0.0,0.0,0.0,0.55,0.45
3088,0.8947402644164487,0.0,0.0,0.0,0.42,0.58
3089,0.8906712701498313,0.0,0.0,0.0,0.52,0.48
3090,0.8832880895179899,0.0,0.0,0.0,0.51,0.49
3091,0.8768554358907192,0.0,0.0,0.0,0.57,0.43
3092,0.9057954741869385,0.0,0.0,0.0,0.53,0.47
3093,0.9080983784634491,0.0,0.0,0.0,0.51,0.49
3094,0.8994124128591112,0.0,0.0,0.0,0.52,0.48
3095,0.903449639330013,0.0,0.0,0.0,0.58,0.42
3096,0.9125493734188741,0.0,0.0,0.0,0.59,0.41
3097,0.926556154558442,0.0,0.0,0.0,0.6,0.4
3098,0.919083998051715,0.0,0.0,0.0,0.63,0.37
3099,0.8366666666666663,0.0,0.0,0.0,0.53,0.47
3100,0.8449999999999999,0.0,0.0,0.0,0.6,0.4
3101,0.8516666666666669,0.0,0.0,0.0,0.64,0.36
3102,0.8616666666666666,0.0,0.0,0.0,0.71,0.29
3103,0.9233333333333331,0.0,0.0,0.0,0.83,0.17
3104,0.91786525868447,0.0,0.0,0.0,0.88,0.12
3105,0.928333333333333,0.0,0.0,0.0,0.9,0.1
3106,0.9257465444787129,0.0,0.0,0.0,0.87,0.13
3107,0.9069291093867434,0.0,0.0,0.0,0.84,0.16
3108,0.9216666666666665,0.0,0.0,0.0,0.85,0.15
3109,0.9096350411696992,0.0,0.0,0.0,0.86,0.14
3110,0.9195852763722001,0.0,0.0,0.01,0.87,0.12
3111,0.9262519430388668,0.0,0.0,0.02,0.91,0.07
3112,0.9318675642688085,0.0,0.0,0.01,0.89,0.1
3113,0.9122605248267233,0.0,0.0,0.01,0.83,0.16
3114,0.906564133807094,0.0,0.0,0.02,0.81,0.17
3115,0.9243798300814845,0.01,0.0,0.02,0.82,0.15
3116,0.8967591096461335,0.01,0.0,0.01,0.85,0.13
3117,0.931255774085236,0.05,0.0,0.01,0.84,0.1
3118,0.9143264790604212,0.06,0.0,0.0,0.82,0.12
3119,0.8856811867666792,0.05,0.0,0.02,0.79,0.14
3120,0.893333333333333,0.04,0.0,0.01,0.81,0.14
3121,0.9081278870426178,0.01,0.0,0.01,0.86,0.12
3122,0.9197945537092843,0.03,0.0,0.01,0.79,0.17
3123,0.9033333333333331,0.05,0.0,0.02,0.74,0.19
3124,0.8914937460953131,0.04,0.0,0.02,0.75,0.19
3125,0.9139236414883526,0.08,0.0,0.03,0.69,0.2
3126,0.8852951540775095,0.08,0.0,0.03,0.65,0.24
3127,0.9136284874108427,0.04,0.0,0.02,0.71,0.23
3128,0.8969618207441762,0.05,0.0,0.0,0.7,0.25
3129,0.8866666666666663,0.06,0.0,0.0,0.69,0.25
3130,0.8883333333333332,0.03,0.0,0.0,0.69,0.28
3131,0.8786284874108431,0.04,0.0,0.02,0.7,0.24
3132,0.8666666666666665,0.03,0.0,0.01,0.67,0.29
3133,0.8966666666666667,0.03,0.0,0.01,0.78,0.18
3134,0.903333333333333,0.02,0.0,0.0,0.83,0.15
3135,0.923333333333333,0.01,0.0,0.0,0.89,0.1
3136,0.9016666666666662,0.01,0.0,0.0,0.85,0.14
3137,0.9116666666666667,0.0,0.0,0.01,0.88,0.11
3138,0.9133333333333333,0.0,0.0,0.02,0.86,0.12
3139,0.8966666666666663,0.0,0.0,0.01,0.86,0.13
3140,0.8883333333333333,0.0,0.0,0.0,0.83,0.17
3141,0.9164612203759513,0.0,0.0,0.0,0.9,0.1
3142,0.9222077648546643,0.02,0.0,0.0,0.9,0.08
3143,0.9416666666666663,0.02,0.0,0.0,0.89,0.09
3144,0.9433333333333332,0.02,0.0,0.0,0.89,0.09
3145,0.9316666666666662,0.01,0.0,0.0,0.87,0.12
3146,0.9466666666666664,0.0,0.0,0.01,0.88,0.11
3147,0.9483333333333331,0.0,0.0,0.0,0.89,0.11
3148,0.9349999999999998,0.0,0.0,0.0,0.88,0.12
3149,0.9466666666666664,0.0,0.0,0.0,0.85,0.15
3150,0.9383333333333335,0.0,0.0,0.0,0.86,0.14
3151,0.9166666666666664,0.0,0.0,0.0,0.89,0.11
3152,0.9566666666666667,0.01,0.0,0.0,0.88,0.11
3153,0.9499999999999998,0.02,0.0,0.0,0.86,0.12
3154,0.9366666666666665,0.02,0.0,0.0,0.86,0.12
3155,0.9449999999999998,0.01,0.0,0.0,0.87,0.12
3156,0.905,0.0,0.0,0.0,0.78,0.22
3157,0.9199999999999997,0.01,0.0,0.0,0.76,0.23
3158,0.9316666666666664,0.02,0.0,0.0,0.8,0.18
3159,0.9549999999999998,0.02,0.0,0.01,0.86,0.11
3160,0.9531278870426179,0.02,0.0,0.04,0.84,0.1
3161,0.9516666666666664,0.01,0.0,0.01,0.92,0.06
3162,0.9283333333333335,0.0,0.0,0.0,0.87,0.13
3163,0.938333333333333,0.01,0.0,0.0,0.83,0.16
3164,0.9433333333333332,0.02,0.0,0.0,0.84,0.14
3165,0.9483333333333333,0.03,0.0,0.0,0.81,0.16
3166,0.95,0.03,0.0,0.0,0.82,0.15
3167,0.9383333333333335,0.04,0.0,0.0,0.77,0.19
3168,0.9266666666666664,0.03,0.0,0.0,0.78,0.19
3169,0.9116666666666667,0.02,0.0,0.0,0.75,0.23
3170,0.913333333333333,0.02,0.0,0.01,0.72,0.25
3171,0.925,0.05,0.0,0.01,0.73,0.21
3172,0.925,0.05,0.0,0.01,0.73,0.21
3173,0.9349999999999998,0.05,0.0,0.02,0.78,0.15
3174,0.9464548666292985,0.07,0.0,0.01,0.74,0.18
3175,0.9364548666292982,0.03,0.0,0.01,0.76,0.2
3176,0.9325529056407932,0.04,0.0,0.01,0.77,0.18
3177,0.9666666666666666,0.04,0.0,0.0,0.87,0.09
3178,0.9633333333333333,0.05,0.0,0.0,0.82,0.13
3179,0.9566666666666666,0.03,0.0,0.0,0.89,0.08
3180,0.9533333333333335,0.05,0.0,0.0,0.88,0.07
3181,0.9566666666666667,0.07,0.0,0.0,0.83,0.1
3182,0.9766666666666666,0.1,0.0,0.01,0.84,0.05
3183,0.9916666666666666,0.11,0.0,0.0,0.86,0.03
3184,0.9633333333333333,0.07,0.0,0.0,0.84,0.09
3185,0.9483333333333333,0.05,0.0,0.0,0.79,0.16
3186,0.9333333333333332,0.08,0.0,0.01,0.71,0.2
3187,0.9233333333333333,0.07,0.0,0.04,0.72,0.17
3188,0.9516666666666665,0.14,0.0,0.04,0.72,0.1
3189,0.9311985920178033,0.13,0.0,0.04,0.69,0.14
3190,0.9299999999999998,0.12,0.0,0.03,0.7,0.15
3191,0.9297945537092844,0.13,0.0,0.01,0.71,0.15
3192,0.928127887042618,0.17,0.0,0.01,0.7,0.12
3193,0.9307653555810529,0.21,0.0,0.02,0.64,0.13
3194,0.927841670962215,0.23,0.0,0.06,0.61,0.1
3195,0.8958080184254587,0.28,0.0,0.04,0.47,0.21
3196,0.9274307783807845,0.29,0.0,0.05,0.49,0.17
3197,0.9559695580048332,0.31,0.0,0.04,0.54,0.11
3198,0.9279224407519026,0.24,0.0,0.1,0.57,0.09
3199,0.671666666666666,0.16,0.0,0.06,0.69,0.09
3200,0.6733333333333327,0.18,0.0,0.06,0.67,0.09
3201,0.6783333333333329,0.19,0.0,0.08,0.61,0.12
3202,0.6801130779065452,0.17,0.0,0.07,0.62,0.14
3203,0.6817797445732117,0.19,0.0,0.09,0.54,0.18
3204,0.6801130779065452,0.18,0.0,0.08,0.55,0.19
3205,0.6936725670529696,0.16,0.0,0.12,0.54,0.18
3206,0.6886725670529696,0.16,0.0,0.08,0.62,0.14
3207,0.6872320561993942,0.13,0.0,0.12,0.57,0.18
3208,0.6887856449595156,0.19,0.0,0.09,0.51,0.21
3209,0.6974582120124854,0.15,0.0,0.16,0.4,0.29
3210,0.7092379565856978,0.09,0.0,0.25,0.38,0.28
3211,0.7073451341059399,0.09,0.0,0.34,0.33,0.24
3212,0.7159046232523647,0.09,0.0,0.36,0.31,0.24
3213,0.7193510344922436,0.08,0.0,0.36,0.34,0.22
3214,0.7355653895327277,0.08,0.0,0.42,0.22,0.28
3215,0.7257915453458189,0.08,0.0,0.45,0.25,0.22
3216,0.7455653895327281,0.15,0.0,0.5,0.11,0.24
3217,0.7222320561993945,0.21,0.0,0.36,0.15,0.28
3218,0.7151130779065453,0.15,0.0,0.39,0.15,0.31
3219,0.7417797445732122,0.15,0.0,0.45,0.13,0.27
3220,0.7416666666666668,0.14,0.0,0.46,0.11,0.29
3221,0.7600000000000002,0.08,0.0,0.51,0.08,0.33
3222,0.7683333333333333,0.03,0.0,0.57,0.07,0.33
3223,0.7816666666666666,0.05,0.0,0.57,0.06,0.32
3224,0.783446411239879,0.05,0.0,0.57,0.07,0.31
3225,0.815,0.01,0.0,0.59,0.06,0.34
3226,0.8616666666666667,0.0,0.0,0.7,0.03,0.27
3227,0.8350000000000003,0.0,0.0,0.67,0.06,0.27
3228,0.8300000000000002,0.0,0.0,0.64,0.07,0.29
3229,0.8199999999999998,0.0,0.0,0.7,0.07,0.23
3230,0.8366666666666671,0.0,0.0,0.73,0.06,0.21
3231,0.831666666666667,0.0,0.0,0.7,0.1,0.2
3232,0.8499999999999999,0.0,0.0,0.73,0.1,0.17
3233,0.8583333333333334,0.0,0.0,0.79,0.07,0.14
3234,0.8750000000000001,0.0,0.0,0.79,0.04,0.17
3235,0.88,0.0,0.0,0.8,0.01,0.19
3236,0.891666666666667,0.0,0.0,0.79,0.01,0.2
3237,0.8866666666666663,0.0,0.0,0.81,0.0,0.19
3238,0.905,0.0,0.0,0.85,0.0,0.15
3239,0.9133333333333336,0.0,0.0,0.89,0.0,0.11
3240,0.906666666666667,0.0,0.0,0.93,0.0,0.07
3241,0.9150000000000001,0.0,0.0,0.87,0.0,0.13
3242,0.9150000000000001,0.0,0.0,0.82,0.0,0.18
3243,0.9233333333333333,0.0,0.0,0.83,0.0,0.17
3244,0.8950000000000001,0.0,0.0,0.83,0.0,0.17
3245,0.895,0.0,0.0,0.85,0.0,0.15
3246,0.91,0.0,0.0,0.86,0.0,0.14
3247,0.9083333333333334,0.0,0.0,0.89,0.0,0.11
3248,0.9433333333333332,0.0,0.0,0.89,0.0,0.11
3249,0.9266666666666664,0.0,0.0,0.86,0.0,0.14
3250,0.9366666666666668,0.0,0.0,0.86,0.0,0.14
3251,0.9383333333333335,0.0,0.0,0.89,0.0,0.11
3252,0.9566666666666669,0.0,0.0,0.92,0.0,0.08
3253,0.9450000000000002,0.0,0.0,0.88,0.0,0.12
3254,0.948333333333333,0.0,0.0,0.9,0.0,0.1
3255,0.9383333333333331,0.0,0.0,0.87,0.0,0.13
3256,0.9416666666666669,0.0,0.0,0.9,0.0,0.1
3257,0.9549999999999998,0.0,0.0,0.91,0.0,0.09
3258,0.9616666666666667,0.0,0.0,0.92,0.0,0.08
3259,0.92,0.0,0.0,0.89,0.0,0.11
3260,0.9083333333333331,0.0,0.0,0.85,0.0,0.15
3261,0.9133333333333333,0.0,0.0,0.85,0.0,0.15
3262,0.9383333333333332,0.0,0.0,0.83,0.0,0.17
3263,0.926666666666667,0.0,0.0,0.89,0.0,0.11
3264,0.9433333333333335,0.0,0.0,0.87,0.0,0.13
3265,0.9533333333333335,0.0,0.0,0.88,0.0,0.12
3266,0.9569144804055899,0.0,0.0,0.9,0.0,0.1
3267,0.9350000000000002,0.0,0.0,0.88,0.0,0.12
3268,0.9316666666666669,0.0,0.0,0.86,0.0,0.14
3269,0.9216666666666669,0.0,0.0,0.82,0.0,0.18
3270,0.9366666666666664,0.0,0.0,0.88,0.0,0.12
3271,0.9533333333333333,0.0,0.0,0.91,0.0,0.09
3272,0.945,0.01,0.0,0.91,0.0,0.08
3273,0.9633333333333333,0.0,0.0,0.94,0.0,0.06
3274,0.95,0.0,0.0,0.9,0.0,0.1
3275,0.9583333333333333,0.0,0.0,0.92,0.0,0.08
3276,0.9450000000000003,0.0,0.0,0.89,0.0,0.11
3277,0.945,0.01,0.0,0.86,0.0,0.13
3278,0.9466666666666665,0.01,0.0,0.9,0.0,0.09
3279,0.9649999999999999,0.01,0.0,0.94,0.0,0.05
3280,0.9533333333333336,0.0,0.0,0.9,0.0,0.1
3281,0.9466666666666669,0.0,0.0,0.89,0.0,0.11
3282,0.9216666666666667,0.0,0.0,0.82,0.0,0.18
3283,0.9416666666666669,0.0,0.0,0.87,0.0,0.13
3284,0.9400000000000003,0.0,0.0,0.85,0.0,0.15
3285,0.9533333333333335,0.0,0.0,0.89,0.0,0.11
3286,0.9583333333333333,0.0,0.0,0.89,0.0,0.11
3287,0.9533333333333331,0.0,0.0,0.86,0.0,0.14
3288,0.94,0.01,0.0,0.85,0.0,0.14
3289,0.9249999999999997,0.01,0.0,0.83,0.0,0.16
3290,0.9233333333333335,0.02,0.0,0.78,0.0,0.2
3291,0.9166666666666665,0.01,0.0,0.76,0.0,0.23
3292,0.9035811470722568,0.0,0.0,0.78,0.0,0.22
3293,0.9300000000000002,0.0,0.0,0.83,0.0,0.17
3294,0.9316666666666669,0.0,0.0,0.89,0.0,0.11
3295,0.9416666666666665,0.0,0.0,0.92,0.0,0.08
3296,0.9566666666666666,0.0,0.0,0.94,0.0,0.06
3297,0.9649999999999999,0.0,0.0,0.95,0.0,0.05
3298,0.96,0.0,0.0,0.95,0.0,0.05
3299,0.5033333333333334,0.0,0.0,0.95,0.0,0.05
3300,0.5042012939576828,0.0,0.0,0.9,0.0,0.1
3301,0.5428932834515053,0.0,0.0,0.76,0.0,0.24
3302,0.5652508768719352,0.0,0.0,0.75,0.0,0.25
3303,0.5917171897372158,0.0,0.0,0.59,0.0,0.41
3304,0.6139701135615266,0.01,0.0,0.53,0.0,0.46
3305,0.6479983941346361,0.01,0.0,0.37,0.01,0.61
3306,0.6458912961980541,0.01,0.0,0.27,0.0,0.72
3307,0.6579784636625327,0.0,0.0,0.29,0.0,0.71
3308,0.6820416100463779,0.0,0.0,0.22,0.0,0.78
3309,0.7037546673465833,0.01,0.0,0.18,0.01,0.8
3310,0.713010106889622,0.0,0.0,0.15,0.02,0.83
3311,0.7009183422825744,0.0,0.0,0.16,0.01,0.83
3312,0.7314131753600266,0.0,0.0,0.2,0.01,0.79
3313,0.7381697507425745,0.0,0.0,0.25,0.01,0.74
3314,0.7060823026936001,0.0,0.0,0.24,0.0,0.76
3315,0.7328544965647104,0.0,0.0,0.2,0.01,0.79
3316,0.7440563461591464,0.0,0.0,0.1,0.03,0.87
3317,0.7526631186720774,0.0,0.0,0.15,0.02,0.83
3318,0.7606149538403548,0.0,0.0,0.09,0.04,0.87
3319,0.7706674716602281,0.0,0.0,0.05,0.03,0.92
3320,0.7879117322914782,0.0,0.0,0.04,0.05,0.91
3321,0.8047600830711705,0.0,0.0,0.01,0.06,0.93
3322,0.7594953256331842,0.01,0.0,0.01,0.05,0.93
3323,0.8201649187753636,0.0,0.0,0.01,0.04,0.95
3324,0.7986718720412938,0.0,0.0,0.02,0.02,0.96
3325,0.7981391017757324,0.0,0.0,0.08,0.03,0.89
3326,0.8220930432696244,0.0,0.0,0.05,0.02,0.93
3327,0.8132998668594235,0.0,0.0,0.05,0.02,0.93
3328,0.8255551767837804,0.0,0.0,0.07,0.02,0.91
3329,0.8250860137146638,0.0,0.0,0.03,0.01,0.96
3330,0.8442159212013874,0.0,0.0,0.02,0.0,0.98
3331,0.8383474112849096,0.0,0.0,0.01,0.0,0.99
3332,0.8470210515472347,0.0,0.0,0.01,0.02,0.97
3333,0.8529139377669089,0.0,0.0,0.0,0.01,0.99
3334,0.8457409880153408,0.0,0.0,0.01,0.01,0.98
3335,0.8448837530469521,0.0,0.0,0.0,0.0,1.0
3336,0.8268293383333433,0.0,0.0,0.0,0.0,1.0
3337,0.8273288693233565,0.0,0.0,0.0,0.0,1.0
3338,0.8300031252627569,0.0,0.0,0.0,0.0,1.0
3339,0.8561176885362484,0.0,0.0,0.0,0.0,1.0
3340,0.8705994574723184,0.0,0.0,0.0,0.0,1.0
3341,0.847312196067281,0.0,0.0,0.0,0.01,0.99
3342,0.8570308681458835,0.0,0.0,0.01,0.0,0.99
3343,0.8300865109677957,0.0,0.0,0.0,0.0,1.0
3344,0.8340854059244914,0.0,0.0,0.0,0.0,1.0
3345,0.8554489082129781,0.0,0.0,0.01,0.0,0.99
3346,0.8699236954584864,0.0,0.0,0.0,0.0,1.0
3347,0.8434691677221192,0.0,0.0,0.01,0.0,0.99
3348,0.847916128027897,0.0,0.0,0.01,0.0,0.99
3349,0.8338464229601535,0.0,0.0,0.01,0.0,0.99
3350,0.833057641945468,0.0,0.0,0.01,0.01,0.98
3351,0.8417399167472304,0.0,0.0,0.02,0.01,0.97
3352,0.8338442471956785,0.0,0.0,0.05,0.02,0.93
3353,0.853241575884846,0.0,0.0,0.0,0.02,0.98
3354,0.846989674470016,0.0,0.0,0.02,0.01,0.97
3355,0.8165128135677108,0.0,0.0,0.02,0.01,0.97
3356,0.8258008702649953,0.0,0.0,0.01,0.01,0.98
3357,0.8486467886368608,0.0,0.0,0.04,0.01,0.95
3358,0.817767092452139,0.0,0.0,0.03,0.02,0.95
3359,0.8424929709805704,0.0,0.0,0.01,0.05,0.94
3360,0.8189038454577104,0.0,0.0,0.0,0.06,0.94
3361,0.813008635763866,0.0,0.0,0.0,0.05,0.95
3362,0.8169810363056412,0.0,0.0,0.0,0.07,0.93
3363,0.8086747199890624,0.0,0.0,0.01,0.08,0.91
3364,0.8221884036082271,0.0,0.0,0.03,0.04,0.93
3365,0.8341861123075133,0.0,0.0,0.04,0.03,0.93
3366,0.8519538518205869,0.01,0.0,0.04,0.05,0.9
3367,0.8484273298298107,0.01,0.0,0.04,0.03,0.92
3368,0.8273566776970875,0.0,0.0,0.07,0.02,0.91
3369,0.8308370591137387,0.0,0.0,0.05,0.02,0.93
3370,0.8527605345842661,0.01,0.0,0.05,0.02,0.92
3371,0.8650379367421944,0.0,0.0,0.04,0.05,0.91
3372,0.8550157887459523,0.0,0.0,0.04,0.07,0.89
3373,0.8333032041261454,0.0,0.0,0.02,0.04,0.94
3374,0.8602412570991003,0.0,0.0,0.03,0.05,0.92
3375,0.8577954835739037,0.0,0.0,0.03,0.05,0.92
3376,0.8482119475621878,0.0,0.0,0.05,0.04,0.91
3377,0.8616992990808612,0.0,0.0,0.04,0.06,0.9
3378,0.8496948574212179,0.0,0.0,0.01,0.04,0.95
3379,0.8582418579914376,0.0,0.0,0.02,0.03,0.95
3380,0.8602642312917963,0.0,0.0,0.02,0.03,0.95
3381,0.8557683372900989,0.0,0.0,0.02,0.05,0.93
3382,0.8498795259571789,0.0,0.0,0.04,0.02,0.94
3383,0.8714115142559612,0.0,0.0,0.05,0.02,0.93
3384,0.8492673821087058,0.0,0.0,0.04,0.02,0.94
3385,0.8590848796184308,0.0,0.0,0.03,0.01,0.96
3386,0.8603920230084451,0.0,0.0,0.02,0.02,0.96
3387,0.8534671526639059,0.0,0.0,0.01,0.01,0.98
3388,0.8653764668115381,0.0,0.0,0.01,0.0,0.99
3389,0.8613105035837322,0.0,0.0,0.01,0.0,0.99
3390,0.8333475071994542,0.0,0.0,0.03,0.0,0.97
3391,0.854176526259091,0.0,0.0,0.01,0.0,0.99
3392,0.8630902294031253,0.0,0.0,0.02,0.0,0.98
3393,0.853059035116424,0.0,0.0,0.02,0.0,0.98
3394,0.8554564352271014,0.0,0.0,0.02,0.0,0.98
3395,0.836765831169759,0.0,0.0,0.01,0.0,0.99
3396,0.8292655891109991,0.0,0.0,0.04,0.0,0.96
3397,0.8054681793165492,0.0,0.0,0.04,0.0,0.96
3398,0.8158797448934423,0.0,0.0,0.07,0.0,0.93
3399,0.81,0.0,0.0,0.01,0.0,0.99
3400,0.8033333333333332,0.0,0.0,0.01,0.0,0.99
3401,0.8016666666666664,0.0,0.0,0.03,0.0,0.97
3402,0.7857387661900518,0.0,0.0,0.07,0.0,0.93
3403,0.7866666666666664,0.0,0.0,0.06,0.0,0.94
3404,0.7899999999999998,0.0,0.0,0.05,0.0,0.95
3405,0.7970439079281071,0.0,0.0,0.07,0.0,0.93
3406,0.8090720995233853,0.0,0.0,0.09,0.0,0.91
3407,0.7987105745947737,0.0,0.0,0.07,0.0,0.93
3408,0.8124211491895474,0.0,0.0,0.11,0.0,0.89
3409,0.811131723784321,0.0,0.0,0.09,0.0,0.91
3410,0.8003772412614404,0.0,0.0,0.14,0.0,0.86
3411,0.8016666666666667,0.0,0.0,0.12,0.0,0.88
3412,0.8237105745947736,0.0,0.0,0.14,0.0,0.86
3413,0.8149999999999998,0.0,0.0,0.14,0.0,0.86
3414,0.8183333333333331,0.0,0.0,0.14,0.01,0.85
3415,0.8183333333333329,0.0,0.0,0.14,0.01,0.85
3416,0.8424211491895477,0.0,0.0,0.18,0.02,0.8
3417,0.8262285344417646,0.0,0.0,0.23,0.01,0.76
3418,0.8427983904509879,0.0,0.0,0.27,0.02,0.71
3419,0.848710574594774,0.0,0.0,0.27,0.02,0.71
3420,0.8640878158562141,0.0,0.0,0.36,0.02,0.62
3421,0.8533333333333332,0.0,0.0,0.41,0.01,0.58
3422,0.8687105745947734,0.0,0.0,0.44,0.01,0.55
3423,0.8674211491895474,0.0,0.0,0.52,0.01,0.47
3424,0.8753617400766707,0.0,0.0,0.52,0.0,0.48
3425,0.89037724126144,0.0,0.0,0.6,0.0,0.4
3426,0.8703772412614404,0.0,0.0,0.59,0.0,0.41
3427,0.8740723146714448,0.0,0.0,0.59,0.0,0.41
3428,0.8757389813381115,0.0,0.0,0.6,0.0,0.4
3429,0.9083333333333331,0.0,0.0,0.62,0.0,0.38
3430,0.8770439079281069,0.0,0.0,0.57,0.0,0.43
3431,0.8940878158562141,0.0,0.0,0.6,0.0,0.4
3432,0.9037105745947737,0.0,0.0,0.62,0.0,0.38
3433,0.8883333333333332,0.0,0.0,0.59,0.0,0.41
3434,0.8883333333333333,0.0,0.0,0.65,0.0,0.35
3435,0.8957234801533415,0.01,0.0,0.68,0.0,0.31
3436,0.9057389813381108,0.01,0.0,0.62,0.0,0.37
3437,0.8887329904006007,0.0,0.0,0.63,0.0,0.37
3438,0.8783557491391604,0.0,0.0,0.56,0.0,0.44
3439,0.8866666666666664,0.0,0.0,0.55,0.0,0.45
3440,0.8586950734100036,0.0,0.0,0.5,0.0,0.5
3441,0.8675128376610373,0.0,0.0,0.5,0.0,0.5
3442,0.8920439079281068,0.0,0.0,0.56,0.0,0.44
3443,0.882028406743337,0.0,0.0,0.53,0.0,0.47
3444,0.8799999999999999,0.0,0.0,0.54,0.0,0.46
3445,0.8757234801533417,0.0,0.0,0.66,0.0,0.34
3446,0.896689082472494,0.0,0.0,0.67,0.0,0.33
3447,0.878695073410004,0.0,0.0,0.69,0.0,0.31
3448,0.923695073410004,0.0,0.0,0.77,0.0,0.23
3449,0.91,0.0,0.0,0.73,0.0,0.27
3450,0.9203617400766708,0.0,0.0,0.77,0.0,0.23
3451,0.9136950734100041,0.0,0.0,0.73,0.0,0.27
3452,0.9233333333333333,0.0,0.0,0.72,0.0,0.28
3453,0.9066666666666667,0.0,0.0,0.76,0.0,0.24
3454,0.9116666666666666,0.0,0.0,0.8,0.0,0.2
3455,0.9333333333333336,0.0,0.0,0.88,0.0,0.12
3456,0.915,0.0,0.0,0.85,0.0,0.15
3457,0.9082001554344916,0.0,0.0,0.86,0.0,0.14
3458,0.9183333333333331,0.01,0.0,0.84,0.0,0.15
3459,0.912043907928107,0.01,0.0,0.85,0.0,0.14
3460,0.9378384153578209,0.0,0.0,0.88,0.0,0.12
3461,0.9153617400766707,0.0,0.0,0.89,0.0,0.11
3462,0.9407389813381113,0.01,0.0,0.91,0.0,0.08
3463,0.9303772412614407,0.02,0.0,0.92,0.01,0.05
3464,0.9331756317124283,0.03,0.0,0.86,0.01,0.1
3465,0.9361162225995519,0.0,0.0,0.93,0.0,0.07
3466,0.9324211491895475,0.0,0.0,0.91,0.0,0.09
3467,0.942043907928107,0.01,0.0,0.89,0.0,0.1
3468,0.9587105745947738,0.0,0.0,0.9,0.0,0.1
3469,0.965,0.0,0.0,0.9,0.0,0.1
3470,0.9470284067433374,0.0,0.0,0.87,0.0,0.13
3471,0.9499999999999998,0.0,0.0,0.79,0.0,0.21
3472,0.9133333333333336,0.0,0.0,0.73,0.0,0.27
3473,0.935,0.01,0.0,0.79,0.0,0.2
3474,0.9533333333333335,0.01,0.0,0.87,0.0,0.12
3475,0.9633333333333334,0.01,0.0,0.93,0.0,0.06
3476,0.9620284067433376,0.01,0.0,0.91,0.0,0.08
3477,0.9374056480047777,0.01,0.0,0.81,0.0,0.18
3478,0.9603772412614403,0.02,0.0,0.86,0.0,0.12
3479,0.960754482522881,0.01,0.0,0.89,0.0,0.1
3480,0.9583333333333333,0.0,0.0,0.88,0.0,0.12
3481,0.9583333333333333,0.0,0.0,0.97,0.0,0.03
3482,0.9778384153578209,0.0,0.0,0.98,0.0,0.02
3483,0.945,0.0,0.0,0.93,0.0,0.07
3484,0.9382001554344916,0.0,0.0,0.89,0.0,0.11
3485,0.95,0.0,0.0,0.91,0.0,0.09
3486,0.9570284067433377,0.0,0.0,0.88,0.0,0.12
3487,0.9315334887678248,0.0,0.0,0.89,0.0,0.11
3488,0.9266666666666667,0.0,0.0,0.89,0.0,0.11
3489,0.9333333333333335,0.0,0.0,0.9,0.0,0.1
3490,0.9350000000000004,0.01,0.0,0.93,0.0,0.06
3491,0.9616666666666667,0.0,0.0,0.93,0.0,0.07
3492,0.935,0.0,0.0,0.9,0.0,0.1
3493,0.9566666666666666,0.0,0.0,0.9,0.0,0.1
3494,0.926666666666667,0.0,0.0,0.88,0.0,0.12
3495,0.941666666666667,0.0,0.0,0.88,0.0,0.12
3496,0.9386950734100041,0.01,0.0,0.9,0.0,0.09
3497,0.9566666666666667,0.02,0.0,0.88,0.0,0.1
3498,0.967405648004778,0.02,0.0,0.9,0.0,0.08
3499,0.54,0.0,0.0,0.87,0.0,0.13
3500,0.5700000000000002,0.0,0.0,0.88,0.0,0.12
3501,0.5910851111837934,0.0,0.0,0.88,0.0,0.12
3502,0.6038368890342531,0.0,0.0,0.8,0.0,0.2
3503,0.6100000000000001,0.0,0.0,0.85,0.0,0.15
3504,0.6683333333333336,0.0,0.0,0.88,0.0,0.12
3505,0.6777517778504601,0.0,0.0,0.86,0.0,0.14
3506,0.6955035557009199,0.0,0.0,0.8,0.0,0.2
3507,0.6671702223675865,0.0,0.0,0.8,0.0,0.2
3508,0.7060071114018395,0.0,0.0,0.76,0.0,0.24
3509,0.6765106671027591,0.0,0.0,0.73,0.0,0.27
3510,0.6815106671027591,0.0,0.0,0.61,0.0,0.39
3511,0.7147660006541385,0.0,0.0,0.62,0.0,0.38
3512,0.696510667102759,0.0,0.0,0.58,0.0,0.42
3513,0.7354255559189657,0.0,0.0,0.52,0.0,0.48
3514,0.7293404447351726,0.0,0.0,0.58,0.0,0.42
3515,0.7259291116198853,0.0,0.0,0.6,0.0,0.4
3516,0.7241844451712648,0.0,0.0,0.53,0.0,0.47
3517,0.7691064453893108,0.0,0.0,0.43,0.0,0.57
3518,0.771198667974943,0.0,0.0,0.35,0.0,0.65
3519,0.7790284456073566,0.0,0.0,0.37,0.0,0.63
3520,0.7801915565731037,0.0,0.0,0.37,0.0,0.63
3521,0.781120668192989,0.0,0.0,0.26,0.0,0.74
3522,0.8147504351909873,0.0,0.0,0.21,0.0,0.79
3523,0.8119206575585735,0.0,0.0,0.14,0.0,0.86
3524,0.812502213041447,0.0,0.0,0.09,0.0,0.91
3525,0.826002857785145,0.0,0.0,0.06,0.0,0.94
3526,0.8362434567866418,0.0,0.0,0.08,0.0,0.92
3527,0.8364362883552203,0.0,0.0,0.01,0.0,0.99
3528,0.8322597178350662,0.0,0.0,0.03,0.0,0.97
3529,0.8493250631110908,0.0,0.0,0.04,0.0,0.96
3530,0.8820352250267655,0.0,0.0,0.02,0.01,0.97
3531,0.8929374593370433,0.0,0.0,0.01,0.03,0.96
3532,0.8966119804966516,0.0,0.0,0.01,0.04,0.95
3533,0.8800896509915285,0.0,0.0,0.03,0.03,0.94
3534,0.871835143074008,0.0,0.0,0.03,0.05,0.92
3535,0.8928664996385859,0.0,0.0,0.05,0.04,0.91
3536,0.8650999521609427,0.0,0.0,0.06,0.09,0.85
3537,0.8954897841737948,0.0,0.0,0.04,0.13,0.83
3538,0.8953095394471475,0.0,0.0,0.03,0.09,0.88
3539,0.892058837837097,0.0,0.0,0.01,0.1,0.89
3540,0.8934312061185216,0.0,0.0,0.01,0.19,0.8
3541,0.8806182774890459,0.0,0.0,0.01,0.2,0.79
3542,0.8907559033335056,0.0,0.0,0.0,0.22,0.78
3543,0.8955844942417187,0.0,0.0,0.0,0.24,0.76
3544,0.8967824346799937,0.01,0.0,0.0,0.23,0.76
3545,0.9075308842870804,0.01,0.0,0.01,0.17,0.81
3546,0.8933453316854575,0.0,0.0,0.01,0.2,0.79
3547,0.9036697981198561,0.0,0.0,0.0,0.2,0.8
3548,0.9172936974669068,0.0,0.0,0.0,0.25,0.75
3549,0.910756153054541,0.0,0.0,0.01,0.24,0.75
3550,0.8953395239815738,0.0,0.0,0.0,0.28,0.72
3551,0.8893535505176549,0.0,0.0,0.0,0.33,0.67
3552,0.8917756490831057,0.01,0.0,0.0,0.3,0.69
3553,0.9132494366753643,0.0,0.0,0.0,0.3,0.7
3554,0.8925154857208473,0.0,0.0,0.01,0.24,0.75
3555,0.8788161496153818,0.0,0.0,0.01,0.24,0.75
3556,0.859811094178866,0.01,0.0,0.02,0.25,0.72
3557,0.8814294025916583,0.0,0.0,0.01,0.27,0.72
3558,0.907795878844411,0.0,0.0,0.0,0.24,0.76
3559,0.8914593871260844,0.0,0.0,0.01,0.23,0.76
3560,0.8998849942052242,0.0,0.0,0.01,0.31,0.68
3561,0.9120340786348904,0.0,0.0,0.02,0.23,0.75
3562,0.89727628260239,0.0,0.0,0.0,0.28,0.72
3563,0.8821017772474302,0.0,0.0,0.01,0.33,0.66
3564,0.8529427018412854,0.0,0.0,0.0,0.29,0.71
3565,0.8916697026246336,0.0,0.0,0.0,0.37,0.63
3566,0.8756129417377282,0.01,0.0,0.0,0.28,0.71
3567,0.8669548244428421,0.02,0.0,0.01,0.28,0.69
3568,0.8687555222494404,0.0,0.0,0.0,0.3,0.7
3569,0.8820229077613981,0.0,0.0,0.0,0.28,0.72
3570,0.8782167778080248,0.01,0.0,0.0,0.25,0.74
3571,0.8818307133478845,0.0,0.0,0.0,0.28,0.72
3572,0.8871618989732671,0.0,0.0,0.01,0.24,0.75
3573,0.9098778002606289,0.0,0.0,0.01,0.24,0.75
3574,0.8841068234840749,0.0,0.0,0.03,0.18,0.79
3575,0.8986268840068449,0.0,0.0,0.04,0.2,0.76
3576,0.8715813855793917,0.01,0.0,0.06,0.2,0.73
3577,0.8595656380592035,0.0,0.0,0.02,0.17,0.81
3578,0.8843227921168355,0.0,0.0,0.04,0.14,0.82
3579,0.873346890997411,0.0,0.0,0.05,0.12,0.83
3580,0.8901973750710332,0.0,0.0,0.01,0.07,0.92
3581,0.913971033950516,0.0,0.0,0.0,0.1,0.9
3582,0.9107003405645502,0.0,0.0,0.0,0.08,0.92
3583,0.8809944539066089,0.0,0.0,0.0,0.13,0.87
3584,0.8985533526826605,0.0,0.0,0.01,0.17,0.82
3585,0.8951433767187666,0.0,0.0,0.02,0.22,0.76
3586,0.8870793683955921,0.0,0.0,0.01,0.28,0.71
3587,0.8953410702577079,0.0,0.0,0.0,0.23,0.77
3588,0.8971447338297854,0.0,0.0,0.0,0.18,0.82
3589,0.8959505137272314,0.0,0.0,0.0,0.16,0.84
3590,0.9027541772993086,0.0,0.0,0.0,0.15,0.85
3591,0.8772306816587142,0.0,0.0,0.01,0.17,0.82
3592,0.8800024728447137,0.0,0.0,0.03,0.18,0.79
3593,0.8915490165105703,0.01,0.0,0.01,0.11,0.87
3594,0.9125319866673489,0.0,0.0,0.0,0.13,0.87
3595,0.9201386017224067,0.01,0.0,0.01,0.07,0.91
3596,0.921911156157677,0.02,0.0,0.01,0.04,0.93
3597,0.8985260714129482,0.05,0.0,0.0,0.04,0.91
3598,0.920095295211302,0.06,0.0,0.01,0.04,0.89
3599,0.8249999999999998,0.09,0.0,0.02,0.06,0.83
3600,0.8233333333333331,0.06,0.0,0.03,0.1,0.81
3601,0.818333333333333,0.05,0.0,0.02,0.11,0.82
3602,0.825,0.05,0.0,0.01,0.11,0.83
3603,0.8166666666666664,0.04,0.0,0.01,0.15,0.8
3604,0.8283333333333328,0.07,0.0,0.02,0.14,0.77
3605,0.8183333333333335,0.07,0.0,0.02,0.15,0.76
3606,0.8216666666666663,0.03,0.0,0.04,0.16,0.77
3607,0.8316666666666663,0.02,0.0,0.04,0.14,0.8
3608,0.823333333333333,0.02,0.0,0.03,0.18,0.77
3609,0.833333333333333,0.07,0.0,0.02,0.19,0.72
3610,0.8133333333333331,0.04,0.0,0.01,0.2,0.75
3611,0.8249999999999997,0.09,0.0,0.01,0.21,0.69
3612,0.8218481452686461,0.16,0.0,0.02,0.22,0.6
3613,0.8349999999999997,0.17,0.0,0.03,0.28,0.52
3614,0.8383333333333333,0.19,0.0,0.09,0.29,0.43
3615,0.8850000000000001,0.32,0.0,0.11,0.25,0.32
3616,0.8838691894220186,0.34,0.0,0.11,0.23,0.32
3617,0.913333333333333,0.48,0.0,0.1,0.15,0.27
3618,0.9016666666666664,0.43,0.0,0.14,0.16,0.27
3619,0.9185673571785741,0.45,0.0,0.17,0.18,0.2
3620,0.9373179914859305,0.48,0.0,0.23,0.12,0.17
3621,0.9326723689726362,0.48,0.0,0.27,0.13,0.12
3622,0.940300033716641,0.47,0.0,0.27,0.08,0.18
3623,0.9494050455107028,0.51,0.0,0.3,0.1,0.09
3624,0.9707173346906643,0.51,0.0,0.34,0.09,0.06
3625,0.9647680027146618,0.53,0.0,0.31,0.08,0.08
3626,0.9818481452686463,0.6,0.0,0.32,0.04,0.04
3627,0.9545205142412823,0.49,0.0,0.34,0.07,0.1
3628,0.9722025227553514,0.56,0.0,0.34,0.07,0.03
3629,0.9855358560886848,0.59,0.0,0.35,0.02,0.04
3630,0.9755358560886849,0.5,0.0,0.41,0.02,0.07
3631,0.9693390356393025,0.43,0.0,0.45,0.03,0.09
3632,0.956539775787291,0.38,0.0,0.47,0.03,0.12
3633,0.9514737659158906,0.36,0.0,0.47,0.04,0.13
3634,0.9554698462172843,0.39,0.0,0.45,0.05,0.11
3635,0.9428988522956638,0.3,0.0,0.53,0.05,0.12
3636,0.9391686820460469,0.21,0.0,0.6,0.06,0.13
3637,0.9373629962069789,0.17,0.0,0.62,0.06,0.15
3638,0.9456513248192642,0.15,0.0,0.66,0.04,0.15
3639,0.9351223802013674,0.11,0.0,0.69,0.06,0.14
3640,0.9377469585612903,0.13,0.0,0.65,0.07,0.15
3641,0.9110802918946233,0.09,0.0,0.62,0.08,0.21
3642,0.9129198574460156,0.13,0.0,0.58,0.06,0.23
3643,0.9104107478166723,0.12,0.0,0.63,0.03,0.22
3644,0.928956799352477,0.09,0.0,0.72,0.04,0.15
3645,0.9362321856289971,0.07,0.0,0.71,0.02,0.2
3646,0.8922141547139691,0.08,0.0,0.65,0.02,0.25
3647,0.9047263594910204,0.08,0.0,0.64,0.0,0.28
3648,0.9121787895343537,0.11,0.0,0.61,0.01,0.27
3649,0.9296008841419452,0.14,0.0,0.61,0.02,0.23
3650,0.9142799372386903,0.1,0.0,0.6,0.06,0.24
3651,0.9369453947405384,0.1,0.0,0.64,0.03,0.23
3652,0.940651324819264,0.05,0.0,0.69,0.03,0.23
3653,0.948984658152597,0.05,0.0,0.74,0.04,0.17
3654,0.9309396924345691,0.11,0.0,0.66,0.01,0.22
3655,0.9454698462172846,0.12,0.0,0.66,0.01,0.21
3656,0.9521365128839512,0.1,0.0,0.69,0.0,0.21
3657,0.9498748917279872,0.09,0.0,0.73,0.0,0.18
3658,0.9548088818565872,0.07,0.0,0.75,0.0,0.18
3659,0.9469523062113264,0.09,0.0,0.76,0.0,0.15
3660,0.9500467307885334,0.06,0.0,0.75,0.0,0.19
3661,0.9530762053185202,0.07,0.0,0.72,0.01,0.2
3662,0.939154189993847,0.1,0.0,0.72,0.0,0.18
3663,0.9548088818565873,0.11,0.0,0.7,0.01,0.18
3664,0.9416075682660541,0.08,0.0,0.71,0.0,0.21
3665,0.9180762053185199,0.03,0.0,0.62,0.0,0.35
3666,0.9265109137028685,0.03,0.0,0.73,0.0,0.24
3667,0.9252690885324378,0.05,0.0,0.7,0.0,0.25
3668,0.9382445898350318,0.04,0.0,0.75,0.01,0.2
3669,0.9572735816735886,0.04,0.0,0.83,0.01,0.12
3670,0.9269652121922338,0.04,0.0,0.83,0.01,0.12
3671,0.9313868050249519,0.03,0.0,0.86,0.0,0.11
3672,0.958824779609676,0.03,0.0,0.87,0.0,0.1
3673,0.9444761044289404,0.04,0.0,0.86,0.01,0.09
3674,0.9320824635301761,0.05,0.0,0.81,0.01,0.13
3675,0.9206340722962998,0.06,0.0,0.81,0.01,0.12
3676,0.9271979322607551,0.06,0.0,0.81,0.01,0.12
3677,0.9513651288395114,0.03,0.0,0.87,0.02,0.08
3678,0.9214214991694786,0.02,0.0,0.83,0.03,0.12
3679,0.9227980156134771,0.03,0.0,0.83,0.01,0.13
3680,0.9263554892980781,0.03,0.0,0.81,0.01,0.15
3681,0.9386831203254425,0.03,0.0,0.79,0.03,0.15
3682,0.9245403316929774,0.01,0.0,0.81,0.01,0.17
3683,0.9354157968635092,0.0,0.0,0.77,0.01,0.22
3684,0.9371697790443457,0.0,0.0,0.74,0.01,0.25
3685,0.9309960627645358,0.01,0.0,0.75,0.03,0.21
3686,0.9504107478166723,0.03,0.0,0.81,0.04,0.12
3687,0.9569453947405381,0.04,0.0,0.81,0.02,0.13
3688,0.9524152409578228,0.0,0.0,0.87,0.01,0.12
3689,0.9547019928432615,0.01,0.0,0.86,0.01,0.12
3690,0.9687275301377842,0.01,0.0,0.89,0.0,0.1
3691,0.9587134364582203,0.01,0.0,0.89,0.0,0.1
3692,0.9657737050206312,0.01,0.0,0.9,0.0,0.09
3693,0.9744545043698818,0.01,0.0,0.93,0.01,0.05
3694,0.9563686595099284,0.02,0.0,0.89,0.0,0.09
3695,0.9576180252025717,0.05,0.0,0.82,0.0,0.13
3696,0.9515501381119077,0.07,0.0,0.83,0.0,0.1
3697,0.9525472607006236,0.06,0.0,0.85,0.0,0.09
3698,0.9543390356393027,0.06,0.0,0.83,0.01,0.1
3699,0.5266666666666666,0.05,0.0,0.86,0.01,0.08
3700,0.5299999999999998,0.06,0.0,0.79,0.02,0.13
3701,0.5349999999999998,0.07,0.0,0.77,0.0,0.16
3702,0.5566666666666665,0.09,0.0,0.71,0.0,0.2
3703,0.578333333333333,0.1,0.0,0.64,0.02,0.24
3704,0.5933333333333328,0.05,0.0,0.63,0.04,0.28
3705,0.588333333333333,0.05,0.0,0.57,0.03,0.35
3706,0.5949999999999995,0.11,0.0,0.53,0.03,0.33
3707,0.6316666666666663,0.12,0.0,0.52,0.05,0.31
3708,0.6283333333333332,0.2,0.0,0.49,0.07,0.24
3709,0.6449999999999999,0.17,0.0,0.49,0.1,0.24
3710,0.6966666666666663,0.12,0.0,0.46,0.17,0.25
3711,0.6699999999999997,0.14,0.0,0.51,0.15,0.2
3712,0.7033333333333335,0.07,0.0,0.49,0.21,0.23
3713,0.7266666666666667,0.06,0.0,0.47,0.25,0.22
3714,0.7016666666666665,0.04,0.0,0.55,0.21,0.2
3715,0.7116666666666669,0.04,0.0,0.46,0.25,0.25
3716,0.7349999999999999,0.01,0.0,0.45,0.29,0.25
3717,0.7399999999999999,0.01,0.0,0.5,0.24,0.25
3718,0.7383333333333327,0.02,0.0,0.5,0.22,0.26
3719,0.78,0.02,0.0,0.44,0.34,0.2
3720,0.7616666666666668,0.02,0.0,0.44,0.32,0.22
3721,0.7866666666666666,0.04,0.0,0.52,0.2,0.24
3722,0.7899999999999997,0.02,0.0,0.44,0.29,0.25
3723,0.7700000000000002,0.01,0.0,0.43,0.27,0.29
3724,0.8066666666666663,0.01,0.0,0.31,0.31,0.37
3725,0.8016666666666663,0.01,0.0,0.24,0.37,0.38
3726,0.8,0.01,0.0,0.19,0.43,0.37
3727,0.8099999999999997,0.01,0.0,0.17,0.4,0.42
3728,0.8149999999999996,0.01,0.0,0.17,0.37,0.45
3729,0.8216666666666663,0.0,0.0,0.18,0.41,0.41
3730,0.8133333333333331,0.01,0.0,0.2,0.46,0.33
3731,0.8239290963198624,0.0,0.0,0.18,0.44,0.38
3732,0.8219645481599313,0.0,0.0,0.23,0.44,0.33
3733,0.831964548159931,0.0,0.0,0.25,0.4,0.35
3734,0.8266666666666665,0.0,0.0,0.28,0.39,0.33
3735,0.81,0.0,0.0,0.42,0.33,0.25
3736,0.8399999999999997,0.01,0.0,0.36,0.35,0.28
3737,0.8333333333333331,0.02,0.0,0.28,0.41,0.29
3738,0.8366666666666666,0.05,0.0,0.24,0.4,0.31
3739,0.8633333333333334,0.06,0.0,0.26,0.41,0.27
3740,0.8433333333333334,0.03,0.0,0.18,0.5,0.29
3741,0.8699999999999999,0.0,0.0,0.11,0.63,0.26
3742,0.9033333333333333,0.0,0.0,0.1,0.74,0.16
3743,0.905,0.01,0.0,0.11,0.68,0.2
3744,0.9152978814932645,0.0,0.0,0.11,0.69,0.2
3745,0.9116666666666666,0.01,0.0,0.13,0.67,0.19
3746,0.9102978814932645,0.0,0.0,0.13,0.7,0.17
3747,0.9216666666666663,0.0,0.0,0.19,0.68,0.13
3748,0.9216666666666663,0.0,0.0,0.13,0.76,0.11
3749,0.9319645481599312,0.01,0.0,0.09,0.79,0.11
3750,0.9149999999999998,0.0,0.0,0.06,0.79,0.15
3751,0.9116666666666666,0.0,0.0,0.08,0.81,0.11
3752,0.9333333333333335,0.0,0.0,0.07,0.83,0.1
3753,0.9533333333333333,0.0,0.0,0.07,0.87,0.06
3754,0.9483333333333333,0.0,0.0,0.07,0.84,0.09
3755,0.9149999999999997,0.0,0.0,0.04,0.83,0.13
3756,0.9583333333333331,0.0,0.0,0.01,0.94,0.05
3757,0.9316666666666665,0.0,0.0,0.01,0.91,0.08
3758,0.9036312148265978,0.0,0.0,0.0,0.83,0.17
3759,0.8922572701083352,0.0,0.0,0.0,0.84,0.16
3760,0.9333333333333331,0.0,0.0,0.0,0.86,0.14
3761,0.9333333333333331,0.01,0.0,0.0,0.84,0.15
3762,0.9002978814932646,0.01,0.0,0.0,0.76,0.23
3763,0.930893644479794,0.02,0.0,0.0,0.77,0.21
3764,0.9258936444797939,0.0,0.0,0.0,0.83,0.17
3765,0.9458884849349333,0.01,0.0,0.01,0.84,0.14
3766,0.9569645481599314,0.02,0.0,0.02,0.86,0.1
3767,0.95,0.04,0.0,0.01,0.86,0.09
3768,0.9522624296531962,0.04,0.0,0.01,0.83,0.12
3769,0.9236312148265978,0.05,0.0,0.04,0.78,0.13
3770,0.9266666666666667,0.03,0.0,0.05,0.83,0.09
3771,0.9266666666666665,0.06,0.0,0.04,0.78,0.12
3772,0.92,0.07,0.0,0.04,0.75,0.14
3773,0.9266666666666664,0.08,0.0,0.04,0.77,0.11
3774,0.9333333333333332,0.13,0.0,0.02,0.74,0.11
3775,0.9516666666666665,0.15,0.0,0.04,0.75,0.06
3776,0.9349999999999998,0.15,0.0,0.04,0.68,0.13
3777,0.9266666666666665,0.16,0.0,0.05,0.65,0.14
3778,0.9316666666666664,0.15,0.0,0.05,0.64,0.16
3779,0.945,0.16,0.0,0.03,0.67,0.14
3780,0.9399999999999997,0.21,0.0,0.03,0.64,0.12
3781,0.9233333333333335,0.19,0.0,0.04,0.64,0.13
3782,0.9149999999999998,0.15,0.0,0.07,0.65,0.13
3783,0.9516666666666667,0.13,0.0,0.06,0.72,0.09
3784,0.9516666666666667,0.13,0.0,0.03,0.77,0.07
3785,0.9416666666666664,0.18,0.0,0.03,0.69,0.1
3786,0.9516666666666665,0.18,0.0,0.05,0.67,0.1
3787,0.9505906034416686,0.21,0.0,0.06,0.64,0.09
3788,0.9469645481599314,0.16,0.0,0.04,0.7,0.1
3789,0.9566666666666666,0.2,0.0,0.03,0.69,0.08
3790,0.9666666666666665,0.2,0.0,0.02,0.66,0.12
3791,0.9552978814932644,0.13,0.0,0.03,0.7,0.14
3792,0.9486312148265981,0.2,0.0,0.05,0.61,0.14
3793,0.9469645481599313,0.13,0.0,0.06,0.63,0.18
3794,0.9419645481599315,0.11,0.0,0.07,0.6,0.22
3795,0.9002978814932645,0.08,0.0,0.05,0.58,0.29
3796,0.9102978814932646,0.07,0.0,0.07,0.63,0.23
3797,0.9200000000000002,0.05,0.0,0.05,0.67,0.23
3798,0.9305957629865292,0.08,0.0,0.03,0.72,0.17
3799,0.6549999999999991,0.06,0.0,0.04,0.79,0.11
3800,0.6683333333333327,0.01,0.0,0.01,0.87,0.11
3801,0.6649999999999993,0.03,0.0,0.01,0.85,0.11
3802,0.6599999999999993,0.06,0.0,0.01,0.77,0.16
3803,0.6649999999999991,0.05,0.0,0.02,0.68,0.25
3804,0.6629689064569915,0.04,0.0,0.02,0.64,0.3
3805,0.6576044795806504,0.05,0.0,0.02,0.64,0.29
3806,0.6599999999999993,0.07,0.0,0.02,0.62,0.29
3807,0.6666666666666659,0.09,0.0,0.05,0.57,0.29
3808,0.6683333333333329,0.07,0.0,0.03,0.6,0.3
3809,0.6583333333333325,0.03,0.0,0.06,0.63,0.28
3810,0.6633333333333327,0.01,0.0,0.04,0.64,0.31
3811,0.6716666666666662,0.0,0.0,0.05,0.57,0.38
3812,0.6799999999999996,0.0,0.0,0.06,0.53,0.41
3813,0.6749999999999996,0.0,0.0,0.07,0.5,0.43
3814,0.6749999999999997,0.0,0.0,0.12,0.45,0.43
3815,0.6787896655897492,0.01,0.0,0.13,0.41,0.45
3816,0.6740664531467911,0.02,0.0,0.2,0.29,0.49
3817,0.6896711526763534,0.02,0.0,0.22,0.26,0.5
3818,0.6941337959451956,0.02,0.0,0.22,0.29,0.47
3819,0.7107331198134578,0.02,0.0,0.24,0.31,0.43
3820,0.7173356463926459,0.01,0.0,0.26,0.29,0.44
3821,0.7209279475446324,0.01,0.0,0.34,0.28,0.37
3822,0.714180256403224,0.0,0.0,0.42,0.28,0.3
3823,0.7212567948682788,0.0,0.0,0.54,0.17,0.29
3824,0.7582675918903921,0.01,0.0,0.57,0.16,0.26
3825,0.7503905908134747,0.0,0.0,0.57,0.15,0.28
3826,0.7425946142112991,0.0,0.0,0.59,0.05,0.36
3827,0.7470572574801415,0.01,0.0,0.55,0.04,0.4
3828,0.7357279558470421,0.01,0.0,0.56,0.05,0.38
3829,0.7603905908134747,0.01,0.0,0.56,0.03,0.4
3830,0.7537239241468078,0.02,0.0,0.55,0.04,0.39
3831,0.7608469230698911,0.02,0.0,0.52,0.04,0.42
3832,0.7474671292785291,0.01,0.0,0.55,0.02,0.42
3833,0.7536913876475311,0.01,0.0,0.5,0.02,0.47
3834,0.7610747134623155,0.04,0.0,0.57,0.02,0.37
3835,0.7594080467956488,0.04,0.0,0.65,0.02,0.29
3836,0.7488706900644909,0.02,0.0,0.63,0.01,0.34
3837,0.7616666666666667,0.01,0.0,0.64,0.01,0.34
3838,0.7821229989230832,0.02,0.0,0.71,0.02,0.25
3839,0.7761472223485137,0.02,0.0,0.64,0.05,0.29
3840,0.8043270223209078,0.08,0.0,0.69,0.02,0.21
3841,0.8045087445217114,0.06,0.0,0.67,0.05,0.22
3842,0.7775793311794995,0.04,0.0,0.67,0.02,0.27
3843,0.7930356634359156,0.04,0.0,0.67,0.02,0.27
3844,0.7977379935384981,0.06,0.0,0.73,0.01,0.2
3845,0.7880356634359157,0.05,0.0,0.72,0.01,0.22
3846,0.7863689967692487,0.09,0.0,0.68,0.01,0.22
3847,0.8089116237064355,0.03,0.0,0.73,0.01,0.23
3848,0.805,0.02,0.0,0.73,0.02,0.23
3849,0.7980044860096865,0.04,0.0,0.69,0.02,0.25
3850,0.8146463448753561,0.04,0.0,0.69,0.03,0.24
3851,0.8440680545022546,0.05,0.0,0.69,0.02,0.24
3852,0.8456689797259799,0.07,0.0,0.66,0.02,0.25
3853,0.8348685171141174,0.04,0.0,0.75,0.01,0.2
3854,0.8574013878355877,0.03,0.0,0.79,0.01,0.17
3855,0.8450000000000003,0.02,0.0,0.79,0.0,0.19
3856,0.8416666666666669,0.01,0.0,0.75,0.0,0.24
3857,0.8400000000000004,0.0,0.0,0.73,0.0,0.27
3858,0.836879418103273,0.0,0.0,0.78,0.02,0.2
3859,0.8562038159491437,0.0,0.0,0.75,0.02,0.23
3860,0.8379154018230486,0.0,0.0,0.7,0.02,0.28
3861,0.8366666666666666,0.0,0.0,0.75,0.02,0.23
3862,0.8372449570397689,0.0,0.0,0.77,0.03,0.2
3863,0.8536913876475312,0.0,0.0,0.73,0.05,0.22
3864,0.8624671292785294,0.01,0.0,0.73,0.06,0.2
3865,0.8691337959451958,0.0,0.0,0.74,0.06,0.2
3866,0.8666666666666665,0.0,0.0,0.82,0.04,0.14
3867,0.88,0.0,0.0,0.75,0.02,0.23
3868,0.8566666666666671,0.0,0.0,0.77,0.03,0.2
3869,0.885536210505109,0.0,0.0,0.75,0.01,0.24
3870,0.8666666666666667,0.01,0.0,0.81,0.01,0.17
3871,0.897244957039769,0.0,0.0,0.86,0.02,0.12
3872,0.8983333333333338,0.01,0.0,0.85,0.02,0.12
3873,0.9183333333333337,0.01,0.0,0.86,0.01,0.12
3874,0.9264760647659922,0.04,0.0,0.86,0.01,0.09
3875,0.9222040233978249,0.04,0.0,0.81,0.03,0.12
3876,0.9278137705756965,0.04,0.0,0.83,0.03,0.1
3877,0.921666666666667,0.07,0.0,0.81,0.02,0.1
3878,0.9150000000000003,0.07,0.0,0.76,0.05,0.12
3879,0.9116666666666668,0.09,0.0,0.7,0.07,0.14
3880,0.9379299418881994,0.11,0.0,0.74,0.06,0.09
3881,0.9405373567311577,0.12,0.0,0.71,0.06,0.11
3882,0.9372040233978245,0.1,0.0,0.72,0.04,0.14
3883,0.9416666666666665,0.08,0.0,0.76,0.03,0.13
3884,0.9390592518237086,0.09,0.0,0.77,0.02,0.12
3885,0.9467089407821409,0.16,0.0,0.7,0.02,0.12
3886,0.9450000000000003,0.11,0.0,0.74,0.05,0.1
3887,0.9450000000000003,0.11,0.0,0.75,0.04,0.1
3888,0.935,0.08,0.0,0.81,0.0,0.11
3889,0.9483333333333335,0.08,0.0,0.84,0.0,0.08
3890,0.9481185036474171,0.08,0.0,0.81,0.01,0.1
3891,0.9263115514163216,0.04,0.0,0.84,0.01,0.11
3892,0.9422040233978247,0.05,0.0,0.84,0.0,0.11
3893,0.9397851703140838,0.05,0.0,0.89,0.0,0.06
3894,0.9597851703140836,0.04,0.0,0.9,0.0,0.06
3895,0.967392585157042,0.03,0.0,0.9,0.0,0.07
3896,0.9572522995926129,0.02,0.0,0.89,0.0,0.09
3897,0.9574671292785295,0.03,0.0,0.86,0.0,0.11
3898,0.9633333333333334,0.04,0.0,0.87,0.0,0.09
3899,0.46999999999999986,0.06,0.0,0.86,0.01,0.07
3900,0.4966666666666665,0.04,0.0,0.83,0.02,0.11
3901,0.539997244101974,0.04,0.0,0.81,0.03,0.12
3902,0.539994488203948,0.04,0.0,0.78,0.02,0.16
3903,0.5566639107686405,0.05,0.0,0.65,0.01,0.29
3904,0.5811634447385873,0.03,0.0,0.65,0.01,0.31
3905,0.62283286730328,0.04,0.0,0.75,0.0,0.21
3906,0.6444995339699467,0.08,0.0,0.7,0.0,0.22
3907,0.6407972564331572,0.06,0.0,0.76,0.0,0.18
3908,0.6883278215372814,0.03,0.0,0.75,0.0,0.22
3909,0.7199834646118439,0.02,0.0,0.75,0.0,0.23
3910,0.7407608247777184,0.0,0.0,0.81,0.0,0.19
3911,0.7566556430745627,0.0,0.0,0.84,0.0,0.16
3912,0.7383195538432032,0.0,0.0,0.86,0.0,0.14
3913,0.7549862205098701,0.0,0.0,0.82,0.0,0.18
3914,0.7616583989725886,0.0,0.0,0.76,0.0,0.24
3915,0.7616556430745628,0.0,0.0,0.72,0.0,0.28
3916,0.759994488203948,0.03,0.0,0.68,0.01,0.28
3917,0.7765539604116123,0.03,0.0,0.63,0.0,0.34
3918,0.7932233829763046,0.04,0.0,0.6,0.0,0.36
3919,0.7799999999999998,0.02,0.0,0.64,0.0,0.34
3920,0.7924721907939015,0.04,0.0,0.65,0.0,0.31
3921,0.77,0.04,0.0,0.6,0.01,0.35
3922,0.785,0.07,0.0,0.5,0.01,0.42
3923,0.7912378888306567,0.07,0.0,0.52,0.01,0.4
3924,0.7945712221639901,0.06,0.0,0.53,0.03,0.38
3925,0.7746784166229926,0.03,0.0,0.62,0.02,0.33
3926,0.7732261388743308,0.03,0.0,0.59,0.01,0.37
3927,0.7848313531769532,0.04,0.0,0.66,0.0,0.3
3928,0.7782261388743309,0.04,0.0,0.6,0.0,0.36
3929,0.7864495218506358,0.01,0.0,0.54,0.01,0.44
3930,0.7732874278105082,0.02,0.0,0.45,0.01,0.52
3931,0.7966639107686403,0.03,0.0,0.45,0.02,0.5
3932,0.7916611548706145,0.05,0.0,0.39,0.01,0.55
3933,0.7966501312785106,0.05,0.0,0.41,0.01,0.53
3934,0.7566528871765363,0.06,0.0,0.43,0.01,0.5
3935,0.7833250656392552,0.05,0.0,0.41,0.01,0.53
3936,0.7849972441019739,0.06,0.0,0.39,0.01,0.54
3937,0.794997244101974,0.04,0.0,0.34,0.01,0.61
3938,0.789997244101974,0.03,0.0,0.35,0.02,0.6
3939,0.7799917323059219,0.05,0.0,0.26,0.04,0.65
3940,0.7766611548706146,0.06,0.0,0.22,0.02,0.7
3941,0.7866611548706143,0.06,0.0,0.2,0.02,0.72
3942,0.7699944882039478,0.09,0.0,0.22,0.01,0.68
3943,0.7899999999999998,0.15,0.0,0.21,0.0,0.64
3944,0.8133130007107232,0.23,0.0,0.18,0.02,0.57
3945,0.8019710133691644,0.25,0.0,0.29,0.02,0.44
3946,0.8166463340440566,0.14,0.0,0.32,0.05,0.49
3947,0.7816463340440569,0.11,0.0,0.35,0.03,0.51
3948,0.7899593347547804,0.13,0.0,0.27,0.02,0.58
3949,0.8042804040347045,0.14,0.0,0.32,0.01,0.53
3950,0.8071268783028229,0.12,0.0,0.27,0.06,0.55
3951,0.8182926680881134,0.17,0.0,0.21,0.04,0.58
3952,0.8199999999999998,0.16,0.0,0.2,0.01,0.63
3953,0.8208055241272346,0.17,0.0,0.22,0.02,0.59
3954,0.8343882288367616,0.16,0.0,0.21,0.01,0.62
3955,0.8404431243401908,0.13,0.0,0.23,0.03,0.61
3956,0.829889105718138,0.14,0.0,0.27,0.0,0.59
3957,0.8325501594490222,0.16,0.0,0.24,0.0,0.6
3958,0.814385472938736,0.19,0.0,0.22,0.0,0.59
3959,0.8233305774353074,0.19,0.0,0.19,0.04,0.58
3960,0.8166556430745622,0.23,0.0,0.18,0.03,0.56
3961,0.813319553843203,0.23,0.0,0.18,0.05,0.54
3962,0.8048872937449455,0.28,0.0,0.18,0.05,0.49
3963,0.8449972441019737,0.32,0.0,0.16,0.11,0.41
3964,0.8383333333333332,0.32,0.0,0.18,0.16,0.34
3965,0.8783333333333332,0.32,0.0,0.16,0.23,0.29
3966,0.8516666666666667,0.23,0.0,0.15,0.3,0.32
3967,0.8583333333333334,0.17,0.0,0.09,0.34,0.4
3968,0.8926323460938238,0.2,0.0,0.12,0.31,0.37
3969,0.8570205749305861,0.24,0.0,0.16,0.34,0.26
3970,0.8483333333333332,0.22,0.0,0.19,0.33,0.26
3971,0.8533333333333333,0.15,0.0,0.2,0.38,0.27
3972,0.868333333333333,0.13,0.0,0.21,0.35,0.31
3973,0.8499999999999995,0.11,0.0,0.18,0.46,0.25
3974,0.8733333333333333,0.1,0.0,0.11,0.5,0.29
3975,0.8633333333333333,0.06,0.0,0.14,0.45,0.35
3976,0.8621665960975214,0.07,0.0,0.16,0.41,0.36
3977,0.8766666666666663,0.11,0.0,0.14,0.43,0.32
3978,0.8616666666666666,0.15,0.0,0.12,0.38,0.35
3979,0.8802742661285656,0.18,0.0,0.17,0.34,0.31
3980,0.8627188062720692,0.2,0.0,0.22,0.22,0.36
3981,0.8552617688110914,0.24,0.0,0.17,0.27,0.32
3982,0.8757970326041103,0.21,0.0,0.2,0.28,0.31
3983,0.8780727145359889,0.25,0.0,0.14,0.32,0.29
3984,0.874624320707722,0.34,0.0,0.2,0.21,0.25
3985,0.8658690601794794,0.36,0.0,0.22,0.15,0.27
3986,0.8702646921876476,0.32,0.0,0.3,0.18,0.2
3987,0.8552369563936313,0.29,0.0,0.29,0.18,0.24
3988,0.8514088037673483,0.3,0.0,0.27,0.11,0.32
3989,0.881408803767348,0.35,0.0,0.2,0.14,0.31
3990,0.890511405992565,0.39,0.0,0.2,0.16,0.25
3991,0.8875499593058823,0.35,0.0,0.22,0.25,0.18
3992,0.8892166259725489,0.3,0.0,0.18,0.31,0.21
3993,0.8872058363714587,0.26,0.0,0.15,0.37,0.22
3994,0.907027404218916,0.2,0.0,0.1,0.46,0.24
3995,0.9050068292883295,0.2,0.0,0.1,0.45,0.25
3996,0.8972852671182342,0.19,0.0,0.11,0.44,0.26
3997,0.8931617304691204,0.18,0.0,0.11,0.47,0.24
3998,0.9049999999999997,0.23,0.0,0.06,0.48,0.23
3999,0.6649999999999993,0.28,0.0,0.04,0.44,0.24
4000,0.6583333333333325,0.22,0.0,0.04,0.45,0.29
4001,0.655305671040901,0.18,0.0,0.03,0.42,0.37
4002,0.656666666666666,0.15,0.0,0.06,0.49,0.3
4003,0.6649999999999995,0.15,0.0,0.07,0.45,0.33
4004,0.6663676423761014,0.2,0.0,0.1,0.4,0.3
4005,0.6699999999999993,0.23,0.0,0.07,0.35,0.35
4006,0.6766666666666662,0.22,0.0,0.08,0.4,0.3
4007,0.6683333333333329,0.19,0.0,0.08,0.37,0.36
4008,0.6816666666666663,0.11,0.0,0.11,0.38,0.4
4009,0.6747009757094347,0.04,0.0,0.14,0.44,0.38
4010,0.683803902837741,0.04,0.0,0.16,0.36,0.44
4011,0.6807695937949724,0.03,0.0,0.17,0.35,0.45
4012,0.6857695937949725,0.01,0.0,0.19,0.37,0.43
4013,0.7107695937949727,0.01,0.0,0.25,0.3,0.44
4014,0.7035048785471765,0.0,0.0,0.23,0.26,0.51
4015,0.7262401632993807,0.0,0.0,0.27,0.29,0.44
4016,0.7145801433830513,0.0,0.0,0.3,0.28,0.42
4017,0.7383773994704557,0.0,0.0,0.26,0.3,0.44
4018,0.740343090427687,0.01,0.0,0.22,0.22,0.55
4019,0.7452156113509655,0.0,0.0,0.26,0.24,0.5
4020,0.7267107328037891,0.0,0.0,0.23,0.21,0.56
4021,0.7547450418465576,0.0,0.0,0.31,0.19,0.5
4022,0.7519800504855639,0.0,0.0,0.26,0.25,0.49
4023,0.744916587060401,0.0,0.0,0.23,0.23,0.54
4024,0.7647450418465577,0.0,0.0,0.32,0.22,0.46
4025,0.7659988818053174,0.0,0.0,0.31,0.27,0.42
4026,0.7882499203937344,0.0,0.0,0.37,0.29,0.34
4027,0.7956861761096862,0.0,0.0,0.46,0.22,0.32
4028,0.7838986723709479,0.0,0.0,0.43,0.2,0.37
4029,0.7976518670669175,0.0,0.0,0.44,0.18,0.38
4030,0.8053430904276866,0.0,0.0,0.55,0.13,0.32
4031,0.8197205415699882,0.0,0.0,0.67,0.05,0.28
4032,0.8377352847522035,0.0,0.0,0.7,0.04,0.26
4033,0.8588039028377414,0.0,0.0,0.7,0.06,0.24
4034,0.8541029271283057,0.0,0.0,0.73,0.06,0.21
4035,0.8462401585536931,0.0,0.0,0.8,0.03,0.17
4036,0.8577352847522036,0.0,0.0,0.8,0.05,0.15
4037,0.8647009757094353,0.0,0.0,0.85,0.01,0.14
4038,0.8699999999999996,0.0,0.0,0.86,0.0,0.14
4039,0.8616666666666668,0.0,0.0,0.85,0.0,0.15
4040,0.858333333333333,0.0,0.0,0.87,0.0,0.13
4041,0.8366666666666667,0.01,0.0,0.81,0.0,0.18
4042,0.8399999999999994,0.0,0.0,0.83,0.0,0.17
4043,0.823333333333333,0.0,0.0,0.83,0.0,0.17
4044,0.8283333333333333,0.0,0.0,0.82,0.0,0.18
4045,0.8490717848470873,0.0,0.0,0.88,0.0,0.12
4046,0.8383333333333333,0.0,0.0,0.88,0.0,0.12
4047,0.843333333333333,0.0,0.0,0.86,0.0,0.14
4048,0.8672792100545784,0.0,0.0,0.89,0.0,0.11
4049,0.8616666666666666,0.0,0.0,0.89,0.0,0.11
4050,0.8749999999999999,0.0,0.0,0.93,0.0,0.07
4051,0.839874091874158,0.0,0.0,0.87,0.0,0.13
4052,0.840738451513754,0.0,0.0,0.86,0.0,0.14
4053,0.873333333333333,0.0,0.0,0.93,0.0,0.07
4054,0.8781435696941745,0.0,0.0,0.92,0.0,0.08
4055,0.8307384515137539,0.0,0.0,0.9,0.0,0.1
4056,0.8424051181804205,0.0,0.0,0.91,0.0,0.09
4057,0.856847183161933,0.0,0.0,0.89,0.0,0.11
4058,0.8542523013423527,0.0,0.0,0.91,0.0,0.09
4059,0.8490717848470872,0.0,0.0,0.84,0.0,0.16
4060,0.8624051181804205,0.0,0.0,0.84,0.0,0.16
4061,0.8640717848470875,0.0,0.0,0.9,0.0,0.1
4062,0.8549999999999998,0.0,0.0,0.85,0.0,0.15
4063,0.8407384515137539,0.0,0.0,0.84,0.0,0.16
4064,0.8438820212079289,0.0,0.0,0.88,0.0,0.12
4065,0.8649999999999998,0.01,0.0,0.87,0.0,0.12
4066,0.8596888823151317,0.0,0.0,0.92,0.0,0.08
4067,0.8793214484311178,0.0,0.0,0.91,0.0,0.09
4068,0.8595798071310561,0.0,0.0,0.88,0.0,0.12
4069,0.8370894464154197,0.0,0.0,0.81,0.0,0.19
4070,0.8609881150977843,0.0,0.0,0.82,0.0,0.18
4071,0.8598102363608414,0.0,0.0,0.78,0.0,0.22
4072,0.8687727605565229,0.0,0.0,0.81,0.0,0.19
4073,0.8581747119753933,0.0,0.0,0.75,0.0,0.25
4074,0.8450000000000003,0.0,0.0,0.68,0.01,0.31
4075,0.8754394272231895,0.0,0.0,0.81,0.01,0.18
4076,0.8599907528561076,0.0,0.0,0.81,0.01,0.18
4077,0.8863676423761021,0.0,0.0,0.82,0.0,0.18
4078,0.8611778787369433,0.0,0.0,0.8,0.0,0.2
4079,0.8904394272231896,0.0,0.0,0.83,0.0,0.17
4080,0.8764769030275084,0.0,0.0,0.87,0.0,0.13
4081,0.8837727605565227,0.0,0.0,0.88,0.0,0.12
4082,0.8944019514188704,0.0,0.0,0.9,0.0,0.1
4083,0.9100000000000001,0.0,0.0,0.92,0.0,0.08
4084,0.9013676423761018,0.0,0.0,0.86,0.0,0.14
4085,0.8947009757094352,0.0,0.0,0.79,0.0,0.21
4086,0.8944019514188706,0.0,0.0,0.78,0.0,0.22
4087,0.8783333333333334,0.0,0.0,0.78,0.0,0.22
4088,0.8697009757094353,0.0,0.0,0.73,0.0,0.27
4089,0.8854394272231896,0.0,0.0,0.74,0.0,0.26
4090,0.8816666666666664,0.0,0.0,0.76,0.0,0.24
4091,0.8981435696941746,0.01,0.0,0.87,0.0,0.12
4092,0.875,0.01,0.0,0.77,0.0,0.22
4093,0.883120095363437,0.01,0.0,0.74,0.0,0.25
4094,0.9133333333333334,0.02,0.0,0.78,0.0,0.2
4095,0.8986940781379714,0.01,0.0,0.77,0.0,0.22
4096,0.9174051181804209,0.02,0.0,0.78,0.0,0.2
4097,0.9250000000000003,0.02,0.0,0.8,0.02,0.16
4098,0.9314534286967704,0.05,0.0,0.79,0.03,0.13
4099,0.5716666666666665,0.05,0.0,0.79,0.04,0.12
4100,0.6333333333333332,0.13,0.0,0.72,0.06,0.09
4101,0.6383333333333333,0.19,0.0,0.6,0.1,0.11
4102,0.7308333333333333,0.25,0.0,0.43,0.2,0.12
4103,0.7583338004510501,0.22,0.0,0.37,0.3,0.11
4104,0.7809658053044117,0.28,0.0,0.24,0.33,0.15
4105,0.8983333333333333,0.37,0.0,0.08,0.45,0.1
4106,0.9083338004510503,0.36,0.0,0.07,0.47,0.1
4107,0.9150004671177169,0.34,0.0,0.07,0.5,0.09
4108,0.9166671337843836,0.33,0.0,0.05,0.54,0.08
4109,0.9524438568754912,0.29,0.0,0.03,0.61,0.07
4110,0.9306885741097862,0.28,0.0,0.07,0.58,0.07
4111,0.9491105235421581,0.27,0.0,0.04,0.61,0.08
4112,0.9233333333333331,0.23,0.0,0.06,0.62,0.09
4113,0.9182210470843158,0.19,0.0,0.06,0.62,0.13
4114,0.9413376868583192,0.17,0.0,0.06,0.67,0.1
4115,0.9496710201916524,0.24,0.0,0.05,0.61,0.1
4116,0.9605068692595188,0.2,0.0,0.04,0.69,0.07
4117,0.945506869259519,0.23,0.0,0.05,0.63,0.09
4118,0.9624438568754912,0.22,0.0,0.03,0.67,0.08
4119,0.945,0.22,0.0,0.02,0.68,0.08
4120,0.9550004671177169,0.17,0.0,0.02,0.76,0.05
4121,0.9316234899837513,0.23,0.0,0.03,0.68,0.06
4122,0.9265353410024295,0.21,0.0,0.04,0.67,0.08
4123,0.954111457777592,0.2,0.0,0.06,0.71,0.03
4124,0.9550004671177169,0.17,0.01,0.03,0.72,0.08
4125,0.9442996057554623,0.17,0.02,0.02,0.68,0.13
4126,0.9383338004510503,0.13,0.02,0.04,0.72,0.11
4127,0.9241119248953089,0.19,0.04,0.05,0.64,0.12
4128,0.9016685351375345,0.14,0.03,0.04,0.66,0.16
4129,0.9123571092473205,0.17,0.01,0.04,0.62,0.17
4130,0.9207799929151262,0.18,0.02,0.06,0.59,0.17
4131,0.883071221977953,0.18,0.03,0.09,0.54,0.19
4132,0.8874362408001921,0.16,0.03,0.12,0.52,0.2
4133,0.9080094918198727,0.18,0.03,0.11,0.55,0.16
4134,0.9116718049615532,0.15,0.04,0.13,0.62,0.1
4135,0.8948974586280637,0.14,0.03,0.18,0.6,0.08
4136,0.9023076962221837,0.12,0.02,0.15,0.63,0.1
4137,0.8966708707261192,0.12,0.0,0.15,0.63,0.1
4138,0.910641496673234,0.11,0.0,0.2,0.65,0.04
4139,0.8983384716282198,0.11,0.0,0.18,0.6,0.11
4140,0.911673206314704,0.07,0.0,0.18,0.62,0.13
4141,0.9276357417950973,0.07,0.0,0.09,0.73,0.11
4142,0.9280094918198724,0.03,0.0,0.07,0.77,0.13
4143,0.9205115404366885,0.04,0.0,0.02,0.8,0.14
4144,0.9283384716282198,0.02,0.0,0.03,0.81,0.14
4145,0.9250070067657545,0.01,0.0,0.01,0.75,0.23
4146,0.9383398729813709,0.04,0.0,0.0,0.74,0.22
4147,0.921244619727164,0.03,0.0,0.01,0.78,0.18
4148,0.9112436854917302,0.0,0.0,0.01,0.84,0.15
4149,0.9031379635425041,0.0,0.0,0.01,0.81,0.18
4150,0.9123580434827544,0.01,0.0,0.0,0.83,0.16
4151,0.902951660370444,0.02,0.0,0.0,0.82,0.16
4152,0.9299568233170846,0.01,0.0,0.01,0.9,0.08
4153,0.9099999999999998,0.02,0.0,0.01,0.87,0.1
4154,0.9565780505676281,0.01,0.0,0.0,0.89,0.1
4155,0.9383333333333335,0.01,0.0,0.0,0.87,0.12
4156,0.918088787184645,0.03,0.0,0.0,0.85,0.12
4157,0.9521552726638305,0.03,0.0,0.0,0.83,0.14
4158,0.9373329719796247,0.02,0.0,0.0,0.84,0.14
4159,0.9222006392245771,0.04,0.0,0.0,0.83,0.13
4160,0.9566676009021003,0.01,0.0,0.0,0.87,0.12
4161,0.9340223745608363,0.03,0.0,0.0,0.84,0.13
4162,0.9490223745608362,0.01,0.0,0.0,0.84,0.15
4163,0.9156653710775242,0.0,0.0,0.0,0.8,0.2
4164,0.853844675245042,0.0,0.0,0.0,0.71,0.29
4165,0.9074002130748591,0.0,0.0,0.0,0.88,0.12
4166,0.949617859919394,0.0,0.0,0.0,0.89,0.11
4167,0.9254876717617299,0.0,0.0,0.0,0.81,0.19
4168,0.9014899015863062,0.0,0.0,0.0,0.79,0.21
4169,0.9333333333333332,0.0,0.0,0.0,0.82,0.18
4170,0.9283333333333332,0.02,0.0,0.01,0.82,0.15
4171,0.918157896750747,0.0,0.0,0.02,0.82,0.16
4172,0.9305887871846449,0.01,0.0,0.04,0.87,0.08
4173,0.944110523542158,0.0,0.0,0.02,0.89,0.09
4174,0.9465353410024298,0.0,0.0,0.01,0.9,0.09
4175,0.955689041227503,0.0,0.0,0.0,0.92,0.08
4176,0.9481844846302004,0.0,0.0,0.0,0.91,0.09
4177,0.9390223745608364,0.0,0.0,0.0,0.92,0.08
4178,0.9140479007995347,0.0,0.0,0.0,0.91,0.09
4179,0.9540219074431192,0.0,0.0,0.0,0.89,0.11
4180,0.9232281310161434,0.0,0.0,0.0,0.83,0.17
4181,0.9182219813197497,0.01,0.0,0.0,0.8,0.19
4182,0.9072930851515464,0.02,0.0,0.0,0.85,0.13
4183,0.9331213075422495,0.02,0.0,0.0,0.87,0.11
4184,0.942829630601058,0.01,0.0,0.0,0.88,0.11
4185,0.9313339715366566,0.0,0.0,0.0,0.9,0.1
4186,0.9423561750118867,0.01,0.0,0.0,0.89,0.1
4187,0.9448000318873778,0.0,0.0,0.01,0.92,0.07
4188,0.960000467117717,0.01,0.0,0.0,0.92,0.07
4189,0.9457776573265414,0.01,0.0,0.0,0.93,0.06
4190,0.9506885741097859,0.01,0.0,0.0,0.88,0.11
4191,0.9607776573265417,0.04,0.0,0.0,0.88,0.08
4192,0.9516671337843835,0.04,0.0,0.01,0.85,0.1
4193,0.9124447911109254,0.06,0.0,0.02,0.73,0.19
4194,0.9224443239932083,0.04,0.0,0.02,0.79,0.15
4195,0.9307776573265414,0.03,0.0,0.02,0.84,0.11
4196,0.9549397673959058,0.03,0.0,0.0,0.86,0.11
4197,0.9473561750118865,0.04,0.0,0.0,0.8,0.16
4198,0.9432456514697286,0.05,0.0,0.0,0.83,0.12
4199,0.6799999999999996,0.02,0.0,0.01,0.85,0.12
4200,0.7016666666666664,0.01,0.0,0.0,0.82,0.17
4201,0.6983333333333328,0.0,0.0,0.0,0.8,0.2
4202,0.7116666666666667,0.0,0.0,0.0,0.83,0.17
4203,0.7099999999999997,0.01,0.0,0.0,0.79,0.2
4204,0.7316666666666665,0.02,0.0,0.0,0.71,0.27
4205,0.7333333333333333,0.02,0.0,0.01,0.74,0.23
4206,0.7366666666666665,0.02,0.0,0.01,0.74,0.23
4207,0.7716666666666664,0.02,0.0,0.02,0.76,0.2
4208,0.7633333333333334,0.01,0.0,0.04,0.74,0.21
4209,0.7883333333333331,0.01,0.0,0.07,0.61,0.31
4210,0.7866666666666664,0.0,0.0,0.07,0.63,0.3
4211,0.8099999999999998,0.0,0.0,0.1,0.51,0.39
4212,0.815,0.0,0.0,0.1,0.49,0.41
4213,0.8449999999999995,0.02,0.0,0.2,0.43,0.35
4214,0.8733333333333332,0.05,0.0,0.3,0.35,0.3
4215,0.9016666666666666,0.07,0.0,0.42,0.27,0.24
4216,0.9116666666666664,0.12,0.0,0.47,0.21,0.2
4217,0.9316666666666665,0.08,0.0,0.6,0.15,0.17
4218,0.9466666666666663,0.07,0.0,0.7,0.1,0.13
4219,0.9549999999999998,0.06,0.0,0.78,0.06,0.1
4220,0.9416666666666665,0.03,0.0,0.77,0.1,0.1
4221,0.9466666666666668,0.03,0.0,0.78,0.12,0.07
4222,0.9416666666666664,0.06,0.0,0.74,0.11,0.09
4223,0.9549999999999997,0.06,0.0,0.78,0.07,0.09
4224,0.9300000000000002,0.08,0.0,0.7,0.1,0.12
4225,0.9383333333333332,0.1,0.0,0.72,0.1,0.08
4226,0.9466666666666668,0.1,0.0,0.76,0.07,0.07
4227,0.945,0.14,0.0,0.67,0.05,0.14
4228,0.9416666666666669,0.15,0.0,0.64,0.02,0.19
4229,0.9383333333333335,0.23,0.0,0.57,0.04,0.16
4230,0.935,0.22,0.0,0.52,0.06,0.2
4231,0.9133333333333336,0.15,0.0,0.57,0.06,0.22
4232,0.9083333333333333,0.13,0.0,0.58,0.06,0.23
4233,0.9050000000000001,0.17,0.0,0.53,0.04,0.26
4234,0.9166666666666667,0.2,0.0,0.56,0.04,0.2
4235,0.9183333333333334,0.16,0.0,0.55,0.09,0.2
4236,0.9433333333333336,0.22,0.0,0.59,0.07,0.12
4237,0.9500000000000003,0.17,0.0,0.64,0.1,0.09
4238,0.9449999999999998,0.13,0.0,0.71,0.09,0.07
4239,0.9583333333333335,0.16,0.0,0.7,0.04,0.1
4240,0.96,0.1,0.0,0.75,0.06,0.09
4241,0.9449999999999998,0.08,0.0,0.76,0.08,0.08
4242,0.9633333333333334,0.07,0.0,0.78,0.05,0.1
4243,0.955,0.04,0.0,0.83,0.09,0.04
4244,0.9616666666666667,0.05,0.0,0.84,0.05,0.06
4245,0.96,0.07,0.0,0.81,0.03,0.09
4246,0.9666666666666666,0.04,0.0,0.86,0.02,0.08
4247,0.9483333333333336,0.0,0.0,0.84,0.05,0.11
4248,0.9383333333333335,0.0,0.0,0.85,0.03,0.12
4249,0.9333333333333332,0.03,0.0,0.82,0.02,0.13
4250,0.9333333333333336,0.06,0.0,0.79,0.02,0.13
4251,0.9616666666666667,0.08,0.0,0.84,0.0,0.08
4252,0.9516666666666664,0.15,0.0,0.74,0.01,0.1
4253,0.9416666666666664,0.16,0.0,0.69,0.03,0.12
4254,0.9433333333333332,0.17,0.0,0.65,0.03,0.15
4255,0.9466666666666664,0.18,0.0,0.63,0.04,0.15
4256,0.9283333333333332,0.14,0.0,0.68,0.02,0.16
4257,0.9316666666666668,0.14,0.0,0.67,0.04,0.15
4258,0.9299999999999997,0.12,0.0,0.7,0.02,0.16
4259,0.9383333333333335,0.13,0.0,0.71,0.03,0.13
4260,0.9483333333333331,0.14,0.0,0.68,0.03,0.15
4261,0.9583333333333333,0.09,0.0,0.79,0.03,0.09
4262,0.9533333333333331,0.1,0.0,0.78,0.04,0.08
4263,0.9666666666666667,0.08,0.0,0.82,0.04,0.06
4264,0.9616666666666667,0.08,0.0,0.83,0.04,0.05
4265,0.9616666666666666,0.06,0.0,0.85,0.01,0.08
4266,0.9516666666666667,0.06,0.0,0.85,0.0,0.09
4267,0.9483333333333335,0.08,0.0,0.79,0.0,0.13
4268,0.9483333333333333,0.1,0.0,0.78,0.01,0.11
4269,0.9399999999999998,0.06,0.0,0.82,0.0,0.12
4270,0.9616666666666666,0.05,0.0,0.86,0.0,0.09
4271,0.9633333333333334,0.06,0.0,0.85,0.0,0.09
4272,0.96,0.07,0.0,0.83,0.0,0.1
4273,0.955,0.1,0.0,0.75,0.0,0.15
4274,0.9386119794053396,0.11,0.0,0.72,0.01,0.16
4275,0.9434726563693361,0.13,0.0,0.74,0.0,0.13
4276,0.9516666666666667,0.16,0.0,0.74,0.02,0.08
4277,0.9450000000000002,0.13,0.0,0.74,0.01,0.12
4278,0.9466666666666669,0.09,0.0,0.81,0.01,0.09
4279,0.9633333333333332,0.1,0.0,0.83,0.0,0.07
4280,0.9633333333333332,0.09,0.0,0.81,0.01,0.09
4281,0.9700000000000002,0.09,0.0,0.83,0.0,0.08
4282,0.96,0.04,0.0,0.82,0.0,0.14
4283,0.9683333333333332,0.04,0.0,0.89,0.0,0.07
4284,0.975139323036003,0.02,0.0,0.89,0.0,0.09
4285,0.9618059897026696,0.01,0.0,0.9,0.0,0.09
4286,0.9569453127386729,0.0,0.0,0.92,0.0,0.08
4287,0.9668059897026695,0.0,0.0,0.89,0.0,0.11
4288,0.9599999999999999,0.0,0.0,0.89,0.0,0.11
4289,0.9650000000000002,0.01,0.0,0.89,0.0,0.1
4290,0.9683333333333333,0.0,0.0,0.93,0.0,0.07
4291,0.9683333333333332,0.0,0.0,0.92,0.0,0.08
4292,0.9549999999999998,0.0,0.0,0.9,0.0,0.1
4293,0.9849999999999999,0.0,0.0,0.97,0.0,0.03
4294,0.9618059897026697,0.01,0.0,0.94,0.0,0.05
4295,0.9616666666666667,0.01,0.0,0.9,0.0,0.09
4296,0.94,0.0,0.0,0.86,0.0,0.14
4297,0.9583333333333331,0.0,0.0,0.91,0.0,0.09
4298,0.9449999999999998,0.0,0.0,0.89,0.0,0.11
4299,0.48166666666666663,0.0,0.0,0.86,0.0,0.14
4300,0.4916666666666667,0.0,0.0,0.85,0.0,0.15
4301,0.5233333333333332,0.0,0.0,0.77,0.0,0.23
4302,0.5216666666666667,0.0,0.0,0.71,0.01,0.28
4303,0.5149999999999999,0.0,0.0,0.57,0.01,0.42
4304,0.5250000000000001,0.0,0.0,0.52,0.01,0.47
4305,0.5516666666666667,0.0,0.0,0.49,0.01,0.5
4306,0.5399999999999998,0.0,0.0,0.45,0.0,0.55
4307,0.5616666666666668,0.0,0.0,0.48,0.0,0.52
4308,0.5833333333333335,0.01,0.0,0.38,0.01,0.6
4309,0.6319627426636941,0.02,0.0,0.34,0.03,0.61
4310,0.6616666666666668,0.02,0.0,0.34,0.05,0.59
4311,0.6736294093303605,0.01,0.0,0.32,0.09,0.58
4312,0.7050000000000002,0.0,0.0,0.39,0.12,0.49
4313,0.7466666666666667,0.0,0.0,0.39,0.12,0.49
4314,0.7416666666666667,0.0,0.0,0.33,0.13,0.54
4315,0.7600000000000001,0.0,0.0,0.32,0.15,0.53
4316,0.783333333333333,0.0,0.0,0.27,0.18,0.55
4317,0.7733333333333334,0.01,0.0,0.23,0.21,0.55
4318,0.7766666666666667,0.0,0.0,0.25,0.19,0.56
4319,0.7883333333333333,0.0,0.0,0.19,0.21,0.6
4320,0.7918354119651332,0.0,0.0,0.24,0.18,0.58
4321,0.7976613472512775,0.0,0.0,0.25,0.14,0.61
4322,0.7785020786318,0.0,0.0,0.34,0.07,0.59
4323,0.795337490596933,0.0,0.0,0.4,0.09,0.51
4324,0.7859970122001263,0.0,0.0,0.49,0.05,0.46
4325,0.7618206158707551,0.0,0.0,0.52,0.04,0.44
4326,0.7703374905969333,0.0,0.0,0.55,0.04,0.41
4327,0.7706749811938661,0.0,0.0,0.57,0.05,0.38
4328,0.7983363284451436,0.0,0.0,0.55,0.04,0.41
4329,0.7893458051241324,0.0,0.0,0.55,0.04,0.41
4330,0.7804678164073041,0.0,0.0,0.46,0.09,0.45
4331,0.7686590229476989,0.0,0.0,0.49,0.07,0.44
4332,0.779627085026782,0.0,0.0,0.5,0.08,0.42
4333,0.7833541196513323,0.0,0.0,0.5,0.02,0.48
4334,0.8109918435088922,0.0,0.0,0.5,0.03,0.47
4335,0.8011842122010762,0.0,0.0,0.55,0.04,0.41
4336,0.8065039115918209,0.0,0.0,0.51,0.01,0.48
4337,0.7893073856360373,0.0,0.0,0.44,0.0,0.56
4338,0.7965009164800104,0.0,0.0,0.4,0.0,0.6
4339,0.8098520410195323,0.0,0.0,0.4,0.0,0.6
4340,0.7868591933949426,0.0,0.0,0.36,0.0,0.64
4341,0.7665217027980095,0.0,0.0,0.34,0.0,0.66
4342,0.7760332581087981,0.0,0.0,0.34,0.01,0.65
4343,0.7952103179344641,0.0,0.0,0.32,0.02,0.66
4344,0.7770457298995975,0.0,0.0,0.25,0.0,0.75
4345,0.7918563563192241,0.0,0.0,0.16,0.0,0.84
4346,0.7905685948493967,0.0,0.0,0.11,0.0,0.89
4347,0.7841802129735688,0.0,0.0,0.09,0.0,0.91
4348,0.8048729853736231,0.0,0.0,0.03,0.0,0.97
4349,0.8243461211963169,0.0,0.0,0.04,0.0,0.96
4350,0.8104206358689288,0.0,0.0,0.03,0.0,0.97
4351,0.8113916930598224,0.0,0.0,0.0,0.0,1.0
4352,0.7943491163081273,0.0,0.0,0.01,0.0,0.99
4353,0.802362750250716,0.0,0.0,0.0,0.0,1.0
4354,0.7843254929144098,0.0,0.0,0.0,0.0,1.0
4355,0.7728720730449591,0.0,0.0,0.0,0.0,1.0
4356,0.7992665369314408,0.0,0.0,0.0,0.0,1.0
4357,0.789073918416132,0.0,0.0,0.0,0.0,1.0
4358,0.795444509085771,0.0,0.0,0.01,0.01,0.98
4359,0.7888192570190103,0.0,0.0,0.01,0.04,0.95
4360,0.7672385064509986,0.0,0.0,0.01,0.02,0.97
4361,0.7823452088676522,0.0,0.0,0.02,0.01,0.97
4362,0.8066910139917851,0.0,0.0,0.02,0.03,0.95
4363,0.7923452088676526,0.0,0.0,0.01,0.02,0.97
4364,0.7761847780963855,0.0,0.0,0.0,0.02,0.98
4365,0.806015941010886,0.0,0.0,0.0,0.06,0.94
4366,0.8059928091091202,0.0,0.0,0.0,0.06,0.94
4367,0.8055274963216749,0.0,0.0,0.0,0.13,0.87
4368,0.7875967833659306,0.0,0.0,0.0,0.13,0.87
4369,0.8002934632064602,0.0,0.0,0.01,0.06,0.93
4370,0.8050833033080874,0.0,0.0,0.0,0.08,0.92
4371,0.7899145580096212,0.0,0.0,0.01,0.11,0.88
4372,0.804198162215849,0.0,0.0,0.01,0.09,0.9
4373,0.7763502784599166,0.0,0.0,0.01,0.08,0.91
4374,0.7845000704004054,0.0,0.0,0.02,0.15,0.83
4375,0.7850063062958051,0.0,0.0,0.04,0.1,0.86
4376,0.7917680311911576,0.0,0.0,0.07,0.08,0.85
4377,0.745814292339669,0.0,0.0,0.05,0.06,0.89
4378,0.7713325790407611,0.0,0.0,0.05,0.05,0.9
4379,0.7838424438607013,0.0,0.0,0.04,0.03,0.93
4380,0.7911977948227361,0.0,0.0,0.01,0.03,0.96
4381,0.8009109090369188,0.0,0.0,0.01,0.04,0.95
4382,0.8115462069177279,0.0,0.0,0.0,0.06,0.94
4383,0.8072385064509986,0.0,0.0,0.0,0.06,0.94
4384,0.8035676825207324,0.0,0.0,0.0,0.05,0.95
4385,0.8009983333787636,0.0,0.0,0.0,0.04,0.96
4386,0.7845832412103748,0.0,0.0,0.02,0.07,0.91
4387,0.7838431302358525,0.0,0.0,0.0,0.08,0.92
4388,0.8007303499598912,0.0,0.0,0.0,0.04,0.96
4389,0.7911847780963858,0.0,0.0,0.01,0.04,0.95
4390,0.7944321953310637,0.0,0.0,0.02,0.05,0.93
4391,0.7694782467727623,0.0,0.0,0.04,0.1,0.86
4392,0.7921733766703426,0.0,0.0,0.05,0.07,0.88
4393,0.7945658310839376,0.0,0.0,0.03,0.08,0.89
4394,0.792820540947639,0.0,0.0,0.03,0.11,0.86
4395,0.7969264807690283,0.0,0.0,0.01,0.12,0.87
4396,0.8250834613441799,0.0,0.0,0.01,0.15,0.84
4397,0.8234582092774191,0.0,0.0,0.02,0.17,0.81
4398,0.8254380787668815,0.0,0.0,0.04,0.14,0.82
4399,0.7216666666666666,0.0,0.0,0.05,0.15,0.8
4400,0.735,0.0,0.0,0.12,0.16,0.72
4401,0.7650000000000001,0.0,0.0,0.21,0.23,0.56
4402,0.7783333333333335,0.0,0.0,0.26,0.21,0.53
4403,0.7866666666666663,0.0,0.0,0.27,0.15,0.58
4404,0.7949885142606354,0.0,0.0,0.36,0.08,0.56
4405,0.8150000000000002,0.0,0.0,0.4,0.03,0.57
4406,0.8299999999999998,0.0,0.0,0.43,0.04,0.53
4407,0.835,0.0,0.0,0.49,0.02,0.49
4408,0.8400000000000002,0.0,0.0,0.46,0.0,0.54
4409,0.8583218475939681,0.0,0.0,0.54,0.0,0.46
4410,0.8866551809273016,0.0,0.0,0.62,0.0,0.38
4411,0.8899885142606349,0.0,0.0,0.6,0.0,0.4
4412,0.889988514260635,0.0,0.0,0.59,0.0,0.41
4413,0.8949885142606345,0.0,0.0,0.62,0.0,0.38
4414,0.9053059469772409,0.0,0.0,0.63,0.01,0.36
4415,0.9082759046365085,0.0,0.0,0.62,0.0,0.38
4416,0.906620723709207,0.0,0.0,0.63,0.0,0.37
4417,0.8982529331577783,0.01,0.0,0.59,0.01,0.39
4418,0.9149655427819051,0.0,0.0,0.72,0.01,0.27
4419,0.9265632950123817,0.0,0.0,0.71,0.0,0.29
4420,0.9482299616790484,0.0,0.0,0.73,0.0,0.27
4421,0.9165977522304768,0.0,0.0,0.74,0.0,0.26
4422,0.9265862664911119,0.0,0.0,0.75,0.0,0.25
4423,0.9282069902003187,0.0,0.0,0.73,0.0,0.27
4424,0.9215632950123819,0.0,0.0,0.71,0.0,0.29
4425,0.9331955044609533,0.0,0.0,0.75,0.0,0.25
4426,0.9464369518793666,0.0,0.0,0.67,0.0,0.33
4427,0.9517888418140673,0.0,0.0,0.72,0.0,0.28
4428,0.9581036185460334,0.0,0.0,0.73,0.0,0.27
4429,0.9234440227413693,0.0,0.0,0.64,0.0,0.36
4430,0.9497473137339703,0.0,0.0,0.66,0.0,0.34
4431,0.9381036185460334,0.0,0.0,0.67,0.0,0.33
4432,0.9330806470673033,0.0,0.0,0.59,0.0,0.41
4433,0.9380576755885731,0.0,0.0,0.59,0.0,0.41
4434,0.9347358279946052,0.0,0.0,0.62,0.0,0.38
4435,0.9381265900247635,0.0,0.0,0.68,0.0,0.32
4436,0.9417543845959723,0.0,0.0,0.64,0.0,0.36
4437,0.951425466140002,0.0,0.0,0.69,0.0,0.31
4438,0.9280232183704784,0.0,0.0,0.6,0.0,0.4
4439,0.9578968752374635,0.01,0.0,0.52,0.0,0.47
4440,0.9711612941346068,0.03,0.0,0.45,0.0,0.52
4441,0.9643912558136551,0.03,0.0,0.36,0.01,0.6
4442,0.9494486845104803,0.0,0.0,0.39,0.0,0.61
4443,0.9410808939590521,0.0,0.0,0.37,0.0,0.63
4444,0.9797431457483562,0.0,0.0,0.41,0.0,0.59
4445,0.9710923796984168,0.0,0.0,0.45,0.0,0.55
4446,0.966092379698417,0.0,0.0,0.43,0.0,0.57
4447,0.9560658813919822,0.0,0.0,0.42,0.0,0.58
4448,0.9577820178438132,0.0,0.0,0.39,0.0,0.61
4449,0.9511153511771469,0.0,0.0,0.44,0.0,0.56
4450,0.9593567985955603,0.0,0.0,0.32,0.0,0.68
4451,0.9609510239983321,0.0,0.0,0.29,0.0,0.71
4452,0.9539713566990156,0.0,0.0,0.32,0.0,0.68
4453,0.9470022698828131,0.0,0.0,0.34,0.0,0.66
4454,0.9224495725601387,0.0,0.0,0.37,0.0,0.63
4455,0.9314787268512126,0.0,0.0,0.33,0.0,0.67
4456,0.9439898960937902,0.01,0.0,0.28,0.0,0.71
4457,0.9593108556381003,0.0,0.0,0.29,0.0,0.71
4458,0.9663179265001027,0.0,0.0,0.32,0.0,0.68
4459,0.9679731074274044,0.0,0.0,0.28,0.0,0.72
4460,0.9815090160836937,0.0,0.0,0.2,0.0,0.8
4461,0.9728237928156591,0.0,0.0,0.18,0.0,0.82
4462,0.9512260405851829,0.0,0.0,0.15,0.0,0.85
4463,0.9578352785550244,0.0,0.0,0.11,0.0,0.89
4464,0.9612145548458177,0.0,0.0,0.18,0.0,0.82
4465,0.9725063600990537,0.0,0.0,0.2,0.0,0.8
4466,0.987414474184134,0.0,0.0,0.17,0.0,0.83
4467,0.9858167219536571,0.0,0.0,0.24,0.0,0.76
4468,0.9891730267657202,0.0,0.0,0.24,0.0,0.76
4469,0.9941270838082602,0.0,0.0,0.22,0.0,0.78
4470,0.9774604171415937,0.01,0.0,0.15,0.0,0.84
4471,0.9728812215124841,0.03,0.0,0.19,0.0,0.78
4472,0.9558741506504821,0.05,0.0,0.13,0.0,0.82
4473,0.9376786461895287,0.08,0.0,0.17,0.0,0.75
4474,0.9642878841593705,0.09,0.0,0.17,0.0,0.74
4475,0.9623117436877584,0.1,0.0,0.22,0.0,0.68
4476,0.9675017940258624,0.12,0.0,0.19,0.01,0.68
4477,0.9547661172270862,0.13,0.0,0.21,0.03,0.63
4478,0.9469093447224067,0.11,0.0,0.23,0.04,0.62
4479,0.9405284066036137,0.08,0.0,0.36,0.03,0.53
4480,0.9395865133828604,0.05,0.0,0.4,0.05,0.5
4481,0.9529083609768285,0.06,0.0,0.44,0.04,0.46
4482,0.9328624180193685,0.05,0.0,0.34,0.04,0.57
4483,0.9580879648210544,0.04,0.0,0.33,0.01,0.62
4484,0.9328509322800039,0.09,0.0,0.38,0.0,0.53
4485,0.9544027415530202,0.07,0.0,0.31,0.01,0.61
4486,0.9728049893225434,0.09,0.0,0.4,0.0,0.51
4487,0.9550103708971366,0.08,0.0,0.38,0.0,0.54
4488,0.976080893959052,0.06,0.0,0.37,0.0,0.57
4489,0.9794142272923853,0.05,0.0,0.38,0.0,0.57
4490,0.9627590463650836,0.05,0.0,0.35,0.0,0.6
4491,0.9561383226558768,0.09,0.0,0.35,0.0,0.56
4492,0.9694371987711152,0.12,0.0,0.32,0.0,0.56
4493,0.9627590463650832,0.07,0.0,0.33,0.01,0.59
4494,0.9477245891469888,0.06,0.0,0.28,0.01,0.65
4495,0.933626679728981,0.05,0.0,0.27,0.0,0.68
4496,0.9593108556381003,0.06,0.0,0.24,0.0,0.7
4497,0.9559890080441317,0.05,0.0,0.26,0.0,0.69
4498,0.9327245891469887,0.03,0.0,0.26,0.0,0.71
4499,0.656666666666667,0.02,0.0,0.31,0.0,0.67
4500,0.7033333333333337,0.01,0.0,0.24,0.0,0.75
4501,0.7383333333333336,0.02,0.0,0.12,0.0,0.86
4502,0.7533333333333334,0.02,0.0,0.08,0.0,0.9
4503,0.7766666666666666,0.02,0.0,0.06,0.0,0.92
4504,0.808333333333333,0.0,0.0,0.02,0.0,0.98
4505,0.8099999999999997,0.0,0.0,0.0,0.0,1.0
4506,0.8008333333333332,0.0,0.0,0.0,0.0,1.0
4507,0.8033333333333331,0.0,0.0,0.0,0.0,1.0
4508,0.7983333333333331,0.0,0.0,0.0,0.0,1.0
4509,0.815,0.0,0.0,0.0,0.0,1.0
4510,0.7999999999999997,0.0,0.0,0.0,0.0,1.0
4511,0.8116666666666663,0.0,0.0,0.01,0.0,0.99
4512,0.8166666666666664,0.0,0.0,0.01,0.0,0.99
4513,0.8066666666666664,0.0,0.0,0.0,0.0,1.0
4514,0.788333333333333,0.0,0.0,0.01,0.0,0.99
4515,0.7899999999999997,0.0,0.0,0.02,0.0,0.98
4516,0.7990020688503724,0.0,0.0,0.01,0.0,0.99
4517,0.8149999999999997,0.0,0.0,0.0,0.0,1.0
4518,0.8025590503530421,0.0,0.0,0.0,0.0,1.0
4519,0.7860104843924601,0.0,0.0,0.0,0.0,1.0
4520,0.8116666666666664,0.0,0.0,0.0,0.0,1.0
4521,0.7999999999999998,0.0,0.0,0.0,0.0,1.0
4522,0.7999999999999998,0.0,0.0,0.0,0.0,1.0
4523,0.8183333333333331,0.0,0.0,0.0,0.0,1.0
4524,0.8183333333333331,0.0,0.0,0.0,0.0,1.0
4525,0.8125590503530422,0.0,0.0,0.0,0.01,0.99
4526,0.813451434039418,0.0,0.0,0.0,0.01,0.99
4527,0.8025590503530421,0.0,0.0,0.0,0.0,1.0
4528,0.8051181007060845,0.0,0.0,0.0,0.0,1.0
4529,0.8125590503530421,0.0,0.0,0.0,0.02,0.98
4530,0.8175590503530421,0.0,0.0,0.01,0.03,0.96
4531,0.8277130446095013,0.0,0.0,0.01,0.02,0.97
4532,0.8183333333333331,0.0,0.0,0.02,0.01,0.97
4533,0.8199999999999996,0.0,0.0,0.04,0.01,0.95
4534,0.8116666666666661,0.0,0.0,0.03,0.0,0.97
4535,0.7966666666666665,0.0,0.0,0.03,0.0,0.97
4536,0.8025459113178907,0.0,0.0,0.07,0.0,0.93
4537,0.8066666666666665,0.0,0.0,0.08,0.0,0.92
4538,0.8010463779428345,0.0,0.0,0.04,0.0,0.96
4539,0.791046377942835,0.0,0.0,0.05,0.01,0.94
4540,0.7849999999999997,0.0,0.0,0.06,0.0,0.94
4541,0.7756604945059798,0.0,0.0,0.08,0.0,0.92
4542,0.7477130446095016,0.0,0.0,0.09,0.0,0.91
4543,0.7881614097495592,0.0,0.0,0.06,0.0,0.94
4544,0.765,0.0,0.0,0.06,0.0,0.94
4545,0.78531598511043,0.0,0.0,0.06,0.0,0.94
4546,0.7906687355170391,0.0,0.0,0.07,0.0,0.93
4547,0.7923354021837058,0.0,0.0,0.11,0.0,0.89
4548,0.7616666666666668,0.0,0.0,0.12,0.0,0.88
4549,0.7633333333333333,0.01,0.0,0.17,0.0,0.82
4550,0.7858792446512242,0.01,0.0,0.2,0.0,0.79
4551,0.798807869345544,0.02,0.0,0.13,0.01,0.84
4552,0.7869373874706797,0.01,0.0,0.13,0.02,0.84
4553,0.7887241365401123,0.02,0.0,0.1,0.01,0.87
4554,0.7852720949625439,0.02,0.0,0.09,0.01,0.88
4555,0.8037594225523366,0.02,0.0,0.08,0.01,0.89
4556,0.8063184729053786,0.04,0.0,0.11,0.02,0.83
4557,0.8053499904202591,0.04,0.0,0.1,0.02,0.84
4558,0.8075178923883293,0.04,0.0,0.06,0.0,0.9
4559,0.7950769427413716,0.03,0.0,0.05,0.0,0.92
4560,0.8165503626195533,0.01,0.0,0.08,0.0,0.91
4561,0.8319764518385567,0.01,0.0,0.03,0.01,0.95
4562,0.8260224108368152,0.0,0.0,0.01,0.01,0.98
4563,0.8277507348188478,0.0,0.0,0.03,0.03,0.94
4564,0.8252318897141745,0.0,0.0,0.03,0.04,0.93
4565,0.8226022327319115,0.0,0.0,0.02,0.03,0.95
4566,0.8168279497516202,0.0,0.0,0.01,0.04,0.95
4567,0.8143225257321473,0.0,0.0,0.0,0.03,0.97
4568,0.8093654803558319,0.0,0.0,0.01,0.04,0.95
4569,0.8102256725834921,0.0,0.0,0.0,0.05,0.95
4570,0.8160831154358371,0.0,0.0,0.0,0.04,0.96
4571,0.8174944708914914,0.0,0.0,0.01,0.08,0.91
4572,0.8169764518385567,0.0,0.0,0.01,0.08,0.91
4573,0.8215210716820347,0.0,0.0,0.01,0.05,0.94
4574,0.8319362465901875,0.0,0.0,0.02,0.1,0.88
4575,0.8389154412229516,0.0,0.0,0.01,0.13,0.86
4576,0.8572165830975698,0.0,0.0,0.02,0.17,0.81
4577,0.8533335504774836,0.0,0.0,0.02,0.15,0.83
4578,0.8561217583615272,0.0,0.0,0.01,0.18,0.81
4579,0.8680148159917374,0.0,0.0,0.0,0.28,0.72
4580,0.8581402031334558,0.0,0.0,0.01,0.25,0.74
4581,0.872249482325302,0.0,0.0,0.03,0.27,0.7
4582,0.8774052838517673,0.0,0.0,0.04,0.39,0.57
4583,0.8885734241830511,0.01,0.0,0.05,0.46,0.48
4584,0.9074319831409596,0.02,0.0,0.08,0.54,0.36
4585,0.8927040781035038,0.06,0.0,0.06,0.47,0.41
4586,0.9021948290124467,0.04,0.0,0.06,0.53,0.37
4587,0.90848731039765,0.03,0.0,0.06,0.56,0.35
4588,0.9242661500232624,0.04,0.0,0.04,0.59,0.33
4589,0.9165395994545841,0.03,0.0,0.04,0.6,0.33
4590,0.9079771257823914,0.0,0.0,0.06,0.54,0.4
4591,0.9171598881784156,0.0,0.0,0.05,0.6,0.35
4592,0.9111564648592655,0.01,0.0,0.05,0.62,0.32
4593,0.9112755182816942,0.03,0.0,0.0,0.61,0.36
4594,0.8681391338285047,0.05,0.0,0.0,0.47,0.48
4595,0.8890235037252264,0.09,0.0,0.0,0.51,0.4
4596,0.9260463779428347,0.12,0.0,0.02,0.62,0.24
4597,0.9292125779845573,0.13,0.0,0.03,0.62,0.22
4598,0.9150969478812789,0.14,0.0,0.03,0.57,0.26
4599,0.6699999999999993,0.19,0.0,0.03,0.54,0.24
4600,0.6899999999999996,0.19,0.0,0.03,0.53,0.25
4601,0.683333333333333,0.18,0.0,0.1,0.53,0.19
4602,0.6983333333333335,0.22,0.0,0.12,0.44,0.22
4603,0.7149999999999999,0.26,0.0,0.07,0.35,0.32
4604,0.708333333333333,0.26,0.0,0.09,0.38,0.27
4605,0.7149999999999999,0.24,0.0,0.13,0.34,0.29
4606,0.7083333333333328,0.23,0.0,0.11,0.3,0.36
4607,0.7336802446138571,0.27,0.0,0.1,0.26,0.37
4608,0.7416666666666668,0.29,0.0,0.05,0.28,0.38
4609,0.7321709327116398,0.26,0.0,0.06,0.32,0.36
4610,0.7253469112805239,0.3,0.0,0.04,0.29,0.37
4611,0.7403469112805235,0.28,0.0,0.07,0.26,0.39
4612,0.7340271558943805,0.24,0.0,0.07,0.33,0.36
4613,0.7166666666666665,0.2,0.0,0.11,0.36,0.33
4614,0.7199999999999994,0.21,0.0,0.09,0.38,0.32
4615,0.7350000000000004,0.23,0.0,0.06,0.38,0.33
4616,0.7420135779471905,0.26,0.0,0.05,0.32,0.37
4617,0.7390271558943805,0.33,0.0,0.04,0.28,0.35
4618,0.7556938225610476,0.38,0.0,0.05,0.33,0.24
4619,0.7227074005082373,0.32,0.0,0.04,0.4,0.24
4620,0.7433333333333336,0.34,0.0,0.07,0.35,0.24
4621,0.7433333333333333,0.42,0.0,0.09,0.31,0.18
4622,0.7603469112805236,0.38,0.0,0.15,0.25,0.22
4623,0.7514219715364939,0.35,0.0,0.17,0.32,0.16
4624,0.7656938225610471,0.33,0.0,0.21,0.19,0.27
4625,0.7793740671749041,0.3,0.0,0.23,0.16,0.31
4626,0.778837599378307,0.28,0.0,0.27,0.19,0.26
4627,0.7957281489754462,0.33,0.0,0.26,0.18,0.23
4628,0.8136802446138571,0.38,0.0,0.29,0.1,0.23
4629,0.8166666666666664,0.38,0.0,0.29,0.03,0.3
4630,0.8103469112805235,0.34,0.0,0.3,0.03,0.33
4631,0.8120135779471903,0.35,0.0,0.36,0.05,0.24
4632,0.8216666666666663,0.31,0.0,0.41,0.02,0.26
4633,0.8553469112805235,0.35,0.01,0.44,0.01,0.2
4634,0.8588167871786072,0.37,0.01,0.43,0.02,0.18
4635,0.8681982617552693,0.39,0.01,0.44,0.01,0.16
4636,0.866321226372829,0.4,0.02,0.45,0.02,0.13
4637,0.8749999999999996,0.39,0.02,0.51,0.01,0.09
4638,0.8936802446138569,0.34,0.01,0.51,0.02,0.13
4639,0.9107281489754464,0.34,0.0,0.55,0.05,0.06
4640,0.8696545597061622,0.29,0.0,0.57,0.05,0.09
4641,0.8555587509829828,0.18,0.0,0.63,0.06,0.13
4642,0.8527417269226372,0.16,0.0,0.61,0.08,0.15
4643,0.8707281489754461,0.16,0.0,0.67,0.09,0.08
4644,0.8986802446138568,0.17,0.0,0.72,0.06,0.05
4645,0.8949999999999999,0.11,0.0,0.76,0.05,0.08
4646,0.8883333333333334,0.1,0.0,0.76,0.03,0.11
4647,0.9000000000000001,0.11,0.0,0.75,0.02,0.12
4648,0.8766755073772768,0.09,0.0,0.67,0.05,0.19
4649,0.9025132799048323,0.12,0.0,0.7,0.01,0.17
4650,0.8746707701406968,0.16,0.0,0.62,0.01,0.21
4651,0.8896028804047453,0.21,0.0,0.63,0.01,0.15
4652,0.9020135779471898,0.27,0.0,0.62,0.02,0.09
4653,0.9286802446138569,0.25,0.0,0.64,0.02,0.09
4654,0.92701357794719,0.31,0.0,0.58,0.01,0.1
4655,0.9254491274308743,0.27,0.0,0.68,0.01,0.04
4656,0.9416755073772768,0.24,0.0,0.68,0.01,0.07
4657,0.9576483514828962,0.31,0.0,0.6,0.0,0.09
4658,0.9506938225610475,0.29,0.0,0.65,0.0,0.06
4659,0.9440271558943804,0.34,0.0,0.6,0.01,0.05
4660,0.9586802446138566,0.22,0.0,0.72,0.01,0.05
4661,0.9623604892277138,0.25,0.0,0.74,0.0,0.01
4662,0.9536802446138569,0.26,0.0,0.7,0.0,0.04
4663,0.9623604892277139,0.3,0.0,0.68,0.0,0.02
4664,0.9540614823087801,0.36,0.0,0.58,0.02,0.04
4665,0.9457281489754464,0.35,0.0,0.58,0.03,0.04
4666,0.9483333333333328,0.35,0.0,0.56,0.06,0.03
4667,0.9399999999999996,0.37,0.0,0.51,0.04,0.08
4668,0.9466666666666665,0.33,0.0,0.54,0.03,0.1
4669,0.9440271558943806,0.29,0.0,0.6,0.05,0.06
4670,0.9333333333333331,0.27,0.0,0.63,0.02,0.08
4671,0.9291845106588309,0.24,0.0,0.61,0.03,0.12
4672,0.9236802446138569,0.22,0.0,0.65,0.02,0.11
4673,0.9266666666666665,0.24,0.0,0.61,0.05,0.1
4674,0.9420135779471903,0.2,0.0,0.71,0.02,0.07
4675,0.9356938225610475,0.17,0.0,0.72,0.04,0.07
4676,0.9366666666666664,0.18,0.0,0.72,0.04,0.06
4677,0.9460785680040017,0.15,0.0,0.75,0.04,0.06
4678,0.9377251196072919,0.14,0.0,0.75,0.02,0.09
4679,0.9137570127382524,0.09,0.0,0.8,0.0,0.11
4680,0.9384949647210619,0.12,0.0,0.76,0.0,0.12
4681,0.9635709872737844,0.08,0.0,0.85,0.01,0.06
4682,0.9569043206071179,0.04,0.0,0.92,0.0,0.04
4683,0.9679362137380784,0.06,0.0,0.9,0.0,0.04
4684,0.9529362137380788,0.08,0.0,0.85,0.01,0.06
4685,0.9459816848162297,0.06,0.0,0.83,0.01,0.1
4686,0.9277767480832751,0.03,0.0,0.83,0.02,0.12
4687,0.9220135779471902,0.05,0.0,0.8,0.02,0.13
4688,0.9483333333333333,0.09,0.0,0.83,0.03,0.05
4689,0.932360489227714,0.08,0.0,0.77,0.07,0.08
4690,0.9220135779471904,0.07,0.0,0.77,0.05,0.11
4691,0.9362695470714115,0.05,0.0,0.77,0.03,0.15
4692,0.9233333333333335,0.04,0.0,0.78,0.02,0.16
4693,0.9083333333333333,0.03,0.0,0.77,0.0,0.2
4694,0.9070135779471902,0.04,0.0,0.75,0.0,0.21
4695,0.9290614823087803,0.04,0.0,0.8,0.0,0.16
4696,0.9633333333333334,0.06,0.0,0.82,0.0,0.12
4697,0.9616666666666666,0.04,0.0,0.86,0.0,0.1
4698,0.9548649284219358,0.03,0.0,0.83,0.0,0.14
4699,0.6033333333333333,0.01,0.0,0.85,0.0,0.14
4700,0.6166666666666667,0.02,0.0,0.81,0.0,0.17
4701,0.5903712937785923,0.02,0.0,0.74,0.01,0.23
4702,0.605,0.02,0.0,0.74,0.0,0.24
4703,0.6366666666666667,0.0,0.0,0.71,0.0,0.29
4704,0.6439639195072019,0.0,0.0,0.67,0.0,0.33
4705,0.6516666666666666,0.0,0.0,0.66,0.0,0.34
4706,0.6816666666666668,0.0,0.0,0.61,0.0,0.39
4707,0.6582686748569678,0.0,0.0,0.64,0.0,0.36
4708,0.7049999999999997,0.0,0.0,0.68,0.0,0.32
4709,0.6966666666666669,0.0,0.0,0.6,0.0,0.4
4710,0.7133333333333334,0.0,0.0,0.63,0.0,0.37
4711,0.7270379604452589,0.0,0.0,0.66,0.0,0.34
4712,0.7298536055388977,0.0,0.0,0.69,0.0,0.31
4713,0.7180405444111285,0.0,0.0,0.67,0.0,0.33
4714,0.7298536055388974,0.0,0.0,0.65,0.0,0.35
4715,0.7245608166166925,0.0,0.0,0.6,0.0,0.4
4716,0.7481190492675159,0.0,0.0,0.49,0.0,0.51
4717,0.7437046271119259,0.0,0.0,0.42,0.0,0.58
4718,0.7615202722055645,0.0,0.0,0.33,0.0,0.67
4719,0.7660810888222571,0.0,0.0,0.39,0.0,0.61
4720,0.763783131968313,0.0,0.0,0.41,0.0,0.59
4721,0.7739752387722828,0.0,0.0,0.42,0.0,0.58
4722,0.8057204102953373,0.0,0.0,0.4,0.0,0.6
4723,0.7747635386723348,0.0,0.0,0.4,0.0,0.6
4724,0.7813623157342867,0.0,0.0,0.4,0.0,0.6
4725,0.7878040830834634,0.0,0.0,0.44,0.0,0.56
4726,0.7846171442112326,0.0,0.0,0.46,0.0,0.54
4727,0.7911374164167967,0.0,0.0,0.52,0.0,0.48
4728,0.8006982330334895,0.0,0.0,0.5,0.0,0.5
4729,0.8072185052390537,0.0,0.0,0.47,0.0,0.53
4730,0.8067793218557466,0.0,0.0,0.47,0.0,0.53
4731,0.7885923829835155,0.0,0.0,0.44,0.0,0.56
4732,0.7983217713231581,0.01,0.0,0.38,0.0,0.61
4733,0.780877420008112,0.01,0.0,0.45,0.0,0.54
4734,0.7906303434287743,0.02,0.0,0.47,0.0,0.51
4735,0.8019257163168488,0.01,0.0,0.48,0.0,0.51
4736,0.7969257163168492,0.01,0.0,0.53,0.0,0.46
4737,0.8080739907304125,0.01,0.0,0.54,0.0,0.45
4738,0.795259049650182,0.0,0.0,0.5,0.0,0.5
4739,0.7780968720056686,0.0,0.0,0.49,0.0,0.51
4740,0.7673085721056165,0.0,0.0,0.5,0.0,0.5
4741,0.7906419054389492,0.0,0.0,0.49,0.0,0.51
4742,0.8057882999000517,0.0,0.0,0.44,0.01,0.55
4743,0.7934118381897206,0.0,0.0,0.44,0.01,0.55
4744,0.7977477554889235,0.0,0.0,0.45,0.0,0.55
4745,0.8145608166166924,0.0,0.0,0.44,0.0,0.56
4746,0.8098536055388973,0.0,0.0,0.43,0.0,0.57
4747,0.8013738777444617,0.0,0.0,0.4,0.0,0.6
4748,0.7978941499500258,0.0,0.0,0.39,0.0,0.61
4749,0.7942680276944876,0.0,0.0,0.37,0.0,0.63
4750,0.7931190492675158,0.0,0.0,0.32,0.0,0.68
4751,0.8009346943611542,0.0,0.0,0.36,0.0,0.64
4752,0.7978941499500258,0.0,0.0,0.43,0.0,0.57
4753,0.7845608166166927,0.0,0.0,0.32,0.0,0.68
4754,0.7948536055388974,0.0,0.0,0.29,0.01,0.7
4755,0.7931869388722308,0.0,0.0,0.27,0.01,0.72
4756,0.7999999999999998,0.0,0.0,0.18,0.03,0.79
4757,0.8113738777444616,0.0,0.0,0.21,0.06,0.73
4758,0.7883392340504287,0.0,0.0,0.24,0.03,0.73
4759,0.8045608166166924,0.0,0.0,0.29,0.03,0.68
4760,0.8144144221555901,0.0,0.0,0.27,0.03,0.7
4761,0.801745171523054,0.0,0.0,0.33,0.04,0.63
4762,0.8049321103952852,0.0,0.0,0.32,0.07,0.61
4763,0.7772628597627487,0.0,0.0,0.33,0.03,0.64
4764,0.796452382600849,0.0,0.0,0.28,0.05,0.67
4765,0.8123085721056157,0.01,0.0,0.27,0.03,0.69
4766,0.7844929270119776,0.01,0.0,0.22,0.06,0.71
4767,0.7917229942612063,0.02,0.0,0.2,0.08,0.7
4768,0.7872071859739728,0.01,0.0,0.25,0.05,0.69
4769,0.7849099331334376,0.02,0.0,0.22,0.05,0.71
4770,0.8051013359239992,0.02,0.0,0.2,0.1,0.68
4771,0.8006982330334896,0.07,0.0,0.18,0.07,0.68
4772,0.8243243552890278,0.06,0.0,0.19,0.11,0.64
4773,0.8325112941612587,0.05,0.0,0.18,0.13,0.64
4774,0.8222185052390539,0.03,0.0,0.24,0.12,0.61
4775,0.81828827479623,0.06,0.0,0.21,0.17,0.56
4776,0.8325112941612584,0.09,0.0,0.13,0.2,0.58
4777,0.8420721107779515,0.13,0.0,0.13,0.22,0.52
4778,0.8308446274945916,0.12,0.0,0.12,0.19,0.57
4779,0.8428040830834633,0.09,0.0,0.1,0.24,0.57
4780,0.8379504775445659,0.1,0.0,0.08,0.23,0.59
4781,0.8314302053390016,0.12,0.0,0.08,0.26,0.54
4782,0.8564302053390017,0.12,0.0,0.07,0.3,0.51
4783,0.8646171442112326,0.12,0.0,0.08,0.32,0.48
4784,0.8429504775445659,0.1,0.0,0.11,0.32,0.47
4785,0.8300563275945398,0.12,0.0,0.13,0.3,0.45
4786,0.8543243552890278,0.1,0.0,0.13,0.43,0.34
4787,0.8862838108778992,0.1,0.0,0.11,0.41,0.38
4788,0.884988437989825,0.09,0.0,0.11,0.52,0.28
4789,0.8699099331334373,0.08,0.0,0.09,0.48,0.35
4790,0.8702027220556421,0.04,0.0,0.09,0.6,0.27
4791,0.897162177644514,0.06,0.0,0.12,0.68,0.14
4792,0.9141216332333855,0.02,0.0,0.09,0.78,0.11
4793,0.9334118381897207,0.02,0.0,0.04,0.81,0.13
4794,0.9145608166166926,0.03,0.0,0.02,0.79,0.16
4795,0.9291216332333855,0.04,0.0,0.02,0.79,0.15
4796,0.9445608166166926,0.02,0.0,0.01,0.83,0.14
4797,0.9015683191259233,0.02,0.0,0.01,0.77,0.2
4798,0.9149999999999998,0.02,0.0,0.0,0.83,0.15
4799,0.6966666666666663,0.03,0.0,0.01,0.78,0.18
4800,0.7016666666666664,0.06,0.0,0.0,0.8,0.14
4801,0.6949999999999996,0.04,0.0,0.01,0.79,0.16
4802,0.6916666666666663,0.05,0.0,0.03,0.68,0.24
4803,0.6957016868336602,0.06,0.0,0.01,0.64,0.29
4804,0.728333333333333,0.1,0.0,0.0,0.56,0.34
4805,0.7133333333333336,0.09,0.0,0.0,0.53,0.38
4806,0.7139443750703437,0.1,0.0,0.02,0.51,0.37
4807,0.7060847115857518,0.05,0.0,0.0,0.6,0.35
4808,0.6976031470395668,0.03,0.0,0.0,0.6,0.37
4809,0.7155713872260171,0.01,0.0,0.0,0.62,0.37
4810,0.718524809444027,0.01,0.0,0.0,0.61,0.38
4811,0.7342401777693535,0.05,0.0,0.0,0.59,0.36
4812,0.7578094411187017,0.12,0.0,0.0,0.48,0.4
4813,0.7880157351978361,0.15,0.0,0.02,0.33,0.5
4814,0.7949555460946793,0.19,0.0,0.05,0.35,0.41
4815,0.8101914761106943,0.21,0.0,0.05,0.36,0.38
4816,0.8461427744520349,0.33,0.0,0.05,0.27,0.35
4817,0.8498412009322514,0.41,0.0,0.05,0.2,0.34
4818,0.8948412009322513,0.49,0.01,0.06,0.2,0.25
4819,0.9005713872260175,0.54,0.01,0.07,0.18,0.21
4820,0.9266560988117695,0.63,0.02,0.11,0.1,0.16
4821,0.9258572817968238,0.64,0.01,0.09,0.08,0.19
4822,0.9470211919586528,0.68,0.02,0.09,0.07,0.16
4823,0.9492698137062338,0.62,0.03,0.17,0.05,0.16
4824,0.955719618438869,0.64,0.02,0.16,0.04,0.16
4825,0.9540529517722024,0.63,0.02,0.21,0.04,0.12
4826,0.9451376633579547,0.52,0.01,0.26,0.13,0.09
4827,0.9560847115857521,0.69,0.03,0.15,0.12,0.04
4828,0.9564213052725294,0.73,0.03,0.09,0.15,0.03
4829,0.948105903544405,0.69,0.03,0.09,0.16,0.06
4830,0.9459364803729002,0.64,0.01,0.13,0.15,0.08
4831,0.9460847115857522,0.61,0.01,0.17,0.16,0.06
4832,0.9466518486982264,0.54,0.01,0.23,0.16,0.07
4833,0.9418000799110783,0.53,0.03,0.27,0.16,0.04
4834,0.9495514581634972,0.51,0.02,0.33,0.13,0.03
4835,0.9403502751784432,0.54,0.05,0.31,0.09,0.06
4836,0.9705027565048376,0.57,0.04,0.31,0.07,0.05
4837,0.9615589686304841,0.47,0.07,0.41,0.06,0.06
4838,0.9523070865294591,0.5,0.08,0.38,0.06,0.06
4839,0.957375717250639,0.43,0.06,0.43,0.08,0.06
4840,0.9533333333333333,0.42,0.05,0.41,0.1,0.07
4841,0.9427408103975218,0.38,0.02,0.44,0.09,0.09
4842,0.9355713872260175,0.4,0.0,0.36,0.12,0.12
4843,0.9329576723315531,0.36,0.0,0.38,0.09,0.17
4844,0.9394074770641886,0.35,0.0,0.43,0.04,0.18
4845,0.9377408103975219,0.27,0.0,0.5,0.06,0.17
4846,0.9344074770641885,0.33,0.0,0.43,0.06,0.18
4847,0.919089293590706,0.27,0.0,0.38,0.1,0.25
4848,0.9097725702110718,0.22,0.0,0.43,0.14,0.21
4849,0.9292698137062341,0.22,0.0,0.44,0.15,0.19
4850,0.9133333333333333,0.21,0.0,0.4,0.18,0.21
4851,0.9168043300246213,0.2,0.01,0.46,0.17,0.17
4852,0.9215874680905896,0.21,0.01,0.48,0.17,0.14
4853,0.9473683535003268,0.23,0.0,0.5,0.11,0.16
4854,0.9366666666666668,0.23,0.0,0.51,0.08,0.18
4855,0.9329682401864501,0.16,0.0,0.55,0.1,0.19
4856,0.9340423839173055,0.18,0.0,0.6,0.09,0.13
4857,0.9386878586253193,0.14,0.0,0.62,0.1,0.14
4858,0.9427019470452725,0.18,0.0,0.65,0.06,0.11
4859,0.9564286690228411,0.14,0.0,0.73,0.03,0.1
4860,0.9367145635936478,0.12,0.0,0.75,0.03,0.1
4861,0.9576913791903752,0.1,0.0,0.77,0.04,0.09
4862,0.9364286690228414,0.13,0.0,0.7,0.03,0.14
4863,0.9452062940791344,0.12,0.0,0.69,0.05,0.14
4864,0.9331745342655843,0.08,0.0,0.69,0.02,0.21
4865,0.9461427744520349,0.13,0.0,0.68,0.01,0.18
4866,0.9372169181828899,0.13,0.0,0.67,0.0,0.2
4867,0.9301809082557974,0.12,0.0,0.67,0.01,0.2
4868,0.9409153446631068,0.15,0.0,0.68,0.0,0.17
4869,0.930687914874178,0.13,0.0,0.76,0.01,0.1
4870,0.9580157351978359,0.12,0.0,0.8,0.0,0.08
4871,0.9663490685311696,0.12,0.0,0.81,0.0,0.07
4872,0.9255713872260177,0.13,0.0,0.76,0.01,0.1
4873,0.9508976170206512,0.17,0.0,0.77,0.0,0.06
4874,0.9491800472752603,0.12,0.0,0.76,0.0,0.12
4875,0.9500988841693448,0.12,0.0,0.79,0.01,0.08
4876,0.9572380538926839,0.17,0.0,0.74,0.03,0.06
4877,0.9623862851055359,0.2,0.0,0.73,0.02,0.05
4878,0.9540545305158432,0.2,0.0,0.73,0.03,0.04
4879,0.9473862851055358,0.16,0.0,0.72,0.02,0.1
4880,0.9633227654784362,0.14,0.0,0.78,0.0,0.08
4881,0.9405608193711206,0.15,0.0,0.7,0.0,0.15
4882,0.9411718611081313,0.16,0.0,0.74,0.0,0.1
4883,0.9626658798721012,0.17,0.0,0.74,0.01,0.08
4884,0.9455608193711206,0.15,0.0,0.73,0.02,0.1
4885,0.939317710633215,0.12,0.0,0.74,0.03,0.11
4886,0.9592799344388159,0.09,0.0,0.76,0.03,0.12
4887,0.9365137382179569,0.06,0.0,0.74,0.03,0.17
4888,0.9364824817755807,0.07,0.0,0.72,0.01,0.2
4889,0.9324430588032994,0.08,0.0,0.76,0.01,0.15
4890,0.9174160524744666,0.11,0.0,0.68,0.0,0.21
4891,0.9196243389982196,0.07,0.0,0.68,0.0,0.25
4892,0.9038616070935585,0.02,0.0,0.71,0.0,0.27
4893,0.9229576723315533,0.05,0.0,0.71,0.0,0.24
4894,0.9412910056648868,0.07,0.0,0.77,0.0,0.16
4895,0.9320106241037556,0.06,0.0,0.76,0.0,0.18
4896,0.9317937621697245,0.02,0.0,0.79,0.01,0.18
4897,0.9387074600549482,0.01,0.0,0.81,0.0,0.18
4898,0.9341800472752604,0.01,0.0,0.84,0.0,0.15
4899,0.6366666666666667,0.04,0.0,0.81,0.0,0.15
4900,0.7141432784491449,0.08,0.0,0.74,0.0,0.18
4901,0.730809945115812,0.13,0.0,0.67,0.0,0.2
4902,0.7795304604210915,0.21,0.0,0.63,0.01,0.15
4903,0.7902936291018601,0.29,0.0,0.55,0.03,0.13
4904,0.8281462275931603,0.32,0.0,0.54,0.04,0.1
4905,0.8548596706948701,0.38,0.0,0.37,0.09,0.16
4906,0.84328655689829,0.33,0.0,0.38,0.1,0.19
4907,0.8524766117824782,0.35,0.0,0.43,0.11,0.11
4908,0.8565987131466725,0.39,0.0,0.39,0.08,0.14
4909,0.877910570189468,0.39,0.0,0.3,0.18,0.13
4910,0.8883333333333333,0.43,0.0,0.22,0.2,0.15
4911,0.9016666666666664,0.45,0.0,0.15,0.23,0.17
4912,0.8933333333333331,0.45,0.0,0.13,0.28,0.14
4913,0.9081532320522312,0.45,0.0,0.11,0.26,0.18
4914,0.9013064641044629,0.39,0.0,0.13,0.28,0.2
4915,0.8954118607301317,0.44,0.0,0.12,0.23,0.21
4916,0.9079089092145426,0.48,0.0,0.1,0.22,0.2
4917,0.9182691117767462,0.46,0.0,0.08,0.28,0.18
4918,0.9120594496374774,0.47,0.0,0.06,0.32,0.15
4919,0.959036933012829,0.51,0.01,0.05,0.34,0.1
4920,0.9620100637839585,0.44,0.0,0.04,0.43,0.09
4921,0.9654609378167324,0.46,0.0,0.06,0.39,0.09
4922,0.9627930294900273,0.38,0.0,0.07,0.48,0.07
4923,0.9593143463519707,0.35,0.0,0.05,0.53,0.07
4924,0.9637414621000581,0.35,0.0,0.06,0.52,0.07
4925,0.9721573951883075,0.31,0.0,0.06,0.59,0.04
4926,0.9450439387047662,0.25,0.01,0.08,0.6,0.07
4927,0.9529545088942344,0.27,0.01,0.07,0.56,0.1
4928,0.9589322221163272,0.28,0.0,0.04,0.59,0.09
4929,0.9569147333255441,0.27,0.0,0.04,0.58,0.11
4930,0.9564386510388253,0.23,0.0,0.05,0.59,0.13
4931,0.9197866306070811,0.25,0.0,0.07,0.5,0.18
4932,0.9297719843721586,0.33,0.0,0.08,0.4,0.19
4933,0.9351614794042068,0.35,0.0,0.05,0.41,0.19
4934,0.9455842425480718,0.35,0.0,0.05,0.43,0.17
4935,0.9505509744362546,0.35,0.0,0.04,0.43,0.18
4936,0.9457789900640958,0.31,0.0,0.04,0.49,0.16
4937,0.9495018184294772,0.31,0.0,0.02,0.5,0.17
4938,0.9541123233974292,0.23,0.01,0.02,0.61,0.14
4939,0.9585280808493575,0.26,0.0,0.03,0.63,0.08
4940,0.9666966849901425,0.25,0.01,0.02,0.66,0.07
4941,0.9568614141826906,0.24,0.02,0.04,0.64,0.08
4942,0.9366666666666665,0.18,0.01,0.05,0.69,0.08
4943,0.9571427489533855,0.16,0.01,0.03,0.69,0.12
4944,0.9504760822867188,0.21,0.01,0.02,0.59,0.18
4945,0.9316666666666664,0.26,0.01,0.04,0.53,0.17
4946,0.933333333333333,0.27,0.01,0.02,0.53,0.18
4947,0.9499999999999997,0.27,0.01,0.0,0.56,0.17
4948,0.9766666666666665,0.18,0.01,0.0,0.68,0.14
4949,0.9383333333333331,0.15,0.0,0.01,0.63,0.21
4950,0.95,0.13,0.0,0.02,0.69,0.16
4951,0.9399999999999997,0.16,0.0,0.03,0.65,0.16
4952,0.9462439035228014,0.17,0.0,0.05,0.63,0.15
4953,0.9537317105684042,0.15,0.0,0.06,0.68,0.11
4954,0.957910570189468,0.1,0.0,0.02,0.73,0.15
4955,0.9266666666666665,0.11,0.0,0.03,0.72,0.14
4956,0.9549999999999998,0.12,0.0,0.02,0.75,0.11
4957,0.94,0.07,0.0,0.01,0.78,0.14
4958,0.9366666666666664,0.04,0.0,0.01,0.79,0.16
4959,0.9433333333333331,0.04,0.01,0.0,0.77,0.19
4960,0.950709619247742,0.05,0.01,0.01,0.75,0.19
4961,0.952910570189468,0.05,0.0,0.02,0.8,0.13
4962,0.9299320464800057,0.01,0.0,0.05,0.75,0.19
4963,0.9212439035228013,0.06,0.01,0.07,0.67,0.2
4964,0.9312926204410837,0.07,0.0,0.09,0.66,0.18
4965,0.9370650439017376,0.06,0.0,0.09,0.66,0.19
4966,0.9329105701894683,0.06,0.0,0.04,0.66,0.24
4967,0.9478091761232825,0.03,0.0,0.03,0.73,0.21
4968,0.9529105701894681,0.06,0.0,0.02,0.7,0.22
4969,0.9552925007891213,0.04,0.0,0.0,0.77,0.19
4970,0.9633333333333332,0.01,0.0,0.0,0.81,0.18
4971,0.9633333333333333,0.05,0.0,0.0,0.78,0.17
4972,0.9549999999999998,0.05,0.0,0.01,0.77,0.17
4973,0.9370214762905377,0.03,0.0,0.0,0.75,0.22
4974,0.9247525718288173,0.03,0.0,0.0,0.7,0.27
4975,0.9419535227705434,0.05,0.0,0.0,0.71,0.24
4976,0.949042952581075,0.06,0.0,0.0,0.69,0.25
4977,0.9436881429572043,0.07,0.0,0.02,0.66,0.25
4978,0.9499999999999998,0.07,0.0,0.01,0.75,0.17
4979,0.9636881429572042,0.06,0.0,0.02,0.79,0.13
4980,0.9636881429572043,0.11,0.0,0.02,0.75,0.12
4981,0.9686201894372101,0.08,0.0,0.01,0.77,0.14
4982,0.964042952581075,0.09,0.0,0.01,0.76,0.14
4983,0.9599320464800057,0.12,0.0,0.0,0.73,0.15
4984,0.9649999999999999,0.09,0.0,0.01,0.76,0.14
4985,0.9668614141826906,0.09,0.0,0.01,0.77,0.13
4986,0.9518614141826905,0.09,0.0,0.01,0.68,0.22
4987,0.940389495032048,0.08,0.0,0.0,0.67,0.25
4988,0.9137228283653812,0.09,0.0,0.02,0.61,0.28
4989,0.9324456567307624,0.11,0.0,0.02,0.58,0.29
4990,0.9170708079336367,0.08,0.0,0.02,0.61,0.29
4991,0.9370561616987145,0.12,0.0,0.04,0.56,0.28
4992,0.9212439035228015,0.08,0.0,0.03,0.57,0.32
4993,0.9095772368561349,0.06,0.0,0.02,0.51,0.41
4994,0.9053548096238709,0.07,0.0,0.01,0.52,0.4
4995,0.9257096192477419,0.1,0.0,0.01,0.56,0.33
4996,0.9220214762905377,0.09,0.0,0.02,0.6,0.29
4997,0.9301747083427689,0.1,0.0,0.03,0.62,0.25
4998,0.9156761787015506,0.11,0.0,0.03,0.58,0.28
4999,0.5716666666666661,0.12,0.0,0.01,0.62,0.25
5000,0.6299999999999994,0.08,0.0,0.02,0.61,0.29
5001,0.6215366340173104,0.06,0.0,0.02,0.57,0.35
5002,0.628203300683977,0.04,0.0,0.03,0.56,0.37
5003,0.6283333333333325,0.08,0.0,0.06,0.43,0.43
5004,0.6299999999999991,0.1,0.0,0.03,0.45,0.42
5005,0.6499999999999995,0.05,0.0,0.03,0.44,0.48
5006,0.6583333333333329,0.04,0.0,0.02,0.35,0.59
5007,0.6783333333333327,0.02,0.0,0.02,0.24,0.72
5008,0.6649999999999993,0.01,0.0,0.02,0.29,0.68
5009,0.6716666666666662,0.0,0.0,0.01,0.29,0.7
5010,0.6783333333333327,0.0,0.0,0.0,0.33,0.67
5011,0.693333333333333,0.0,0.0,0.0,0.37,0.63
5012,0.6833333333333327,0.01,0.0,0.0,0.38,0.61
5013,0.6834053621770521,0.0,0.0,0.0,0.32,0.68
5014,0.6899999999999997,0.0,0.0,0.0,0.31,0.69
5015,0.6850720288437185,0.0,0.0,0.0,0.35,0.65
5016,0.6884773910207711,0.0,0.0,0.0,0.37,0.63
5017,0.6901440576874377,0.0,0.0,0.0,0.31,0.69
5018,0.6835413591029256,0.0,0.0,0.0,0.36,0.64
5019,0.6851440576874377,0.0,0.0,0.0,0.39,0.61
5020,0.7002160865311567,0.0,0.0,0.0,0.39,0.61
5021,0.7088375352393667,0.0,0.0,0.0,0.39,0.61
5022,0.7140536217705237,0.0,0.0,0.0,0.34,0.66
5023,0.7423869551038574,0.0,0.0,0.01,0.39,0.6
5024,0.7470538311857563,0.0,0.0,0.02,0.37,0.61
5025,0.7604565589617236,0.0,0.0,0.02,0.36,0.62
5026,0.7529019008375478,0.0,0.0,0.01,0.41,0.58
5027,0.7535314316217595,0.0,0.0,0.0,0.37,0.63
5028,0.7525580330917897,0.0,0.0,0.0,0.39,0.61
5029,0.7598459390514332,0.0,0.0,0.0,0.39,0.61
5030,0.7447739102077143,0.01,0.0,0.0,0.29,0.7
5031,0.7602060832700285,0.02,0.0,0.0,0.36,0.62
5032,0.7699319929332351,0.02,0.0,0.0,0.31,0.67
5033,0.7783953589159238,0.02,0.0,0.0,0.3,0.68
5034,0.761610174804632,0.03,0.0,0.01,0.26,0.7
5035,0.7598626303765219,0.03,0.0,0.0,0.25,0.72
5036,0.7629551081901954,0.02,0.0,0.0,0.23,0.75
5037,0.7717154384654844,0.05,0.0,0.01,0.21,0.73
5038,0.7725310127912951,0.03,0.0,0.0,0.19,0.78
5039,0.7891526709147366,0.04,0.0,0.01,0.18,0.77
5040,0.791568358088982,0.01,0.0,0.07,0.23,0.69
5041,0.7940264194053671,0.01,0.0,0.11,0.18,0.7
5042,0.8023169207100466,0.02,0.0,0.16,0.12,0.7
5043,0.8170436780842607,0.04,0.0,0.17,0.15,0.64
5044,0.8410170723244065,0.07,0.0,0.29,0.13,0.51
5045,0.8452818183335499,0.1,0.0,0.28,0.12,0.5
5046,0.8572197347126082,0.12,0.0,0.29,0.1,0.49
5047,0.8796327874857686,0.12,0.0,0.39,0.02,0.47
5048,0.8845918186038899,0.18,0.0,0.39,0.02,0.41
5049,0.865351006552867,0.19,0.0,0.36,0.02,0.43
5050,0.8732935876470534,0.18,0.0,0.36,0.03,0.43
5051,0.8634599618638086,0.2,0.0,0.36,0.03,0.41
5052,0.8963445391523582,0.28,0.0,0.41,0.05,0.26
5053,0.8779578293278673,0.27,0.0,0.44,0.04,0.25
5054,0.8559727006020905,0.25,0.0,0.52,0.03,0.2
5055,0.8730696038578662,0.21,0.0,0.5,0.05,0.24
5056,0.8614055715922844,0.18,0.0,0.54,0.08,0.2
5057,0.8780002094152318,0.16,0.0,0.57,0.07,0.2
5058,0.8918827531978235,0.26,0.0,0.53,0.06,0.15
5059,0.8732162959463896,0.27,0.0,0.5,0.1,0.13
5060,0.895144057687438,0.26,0.0,0.43,0.15,0.16
5061,0.8783333333333333,0.25,0.0,0.52,0.12,0.11
5062,0.8616666666666671,0.25,0.0,0.53,0.09,0.13
5063,0.8781089553109414,0.22,0.0,0.64,0.09,0.05
5064,0.9011458817781637,0.21,0.0,0.67,0.09,0.03
5065,0.9208494749120529,0.24,0.0,0.61,0.13,0.02
5066,0.9069233278464978,0.21,0.0,0.56,0.15,0.08
5067,0.9066269209803867,0.2,0.0,0.59,0.15,0.06
5068,0.9135179656694451,0.28,0.0,0.49,0.15,0.08
5069,0.9220359313388906,0.23,0.0,0.57,0.07,0.13
5070,0.9037746268492762,0.25,0.0,0.51,0.08,0.16
5071,0.933478219983165,0.2,0.0,0.53,0.08,0.19
5072,0.9344800440738911,0.18,0.0,0.57,0.03,0.22
5073,0.924776450940002,0.17,0.0,0.51,0.03,0.29
5074,0.9161453054802964,0.18,0.0,0.47,0.02,0.33
5075,0.9109223327181658,0.17,0.0,0.43,0.04,0.36
5076,0.9033297284011759,0.21,0.0,0.37,0.04,0.38
5077,0.9187387387596797,0.2,0.0,0.36,0.05,0.39
5078,0.8927766603552345,0.15,0.0,0.43,0.07,0.35
5079,0.9144433270219011,0.14,0.0,0.46,0.07,0.33
5080,0.9168874397569013,0.12,0.0,0.5,0.05,0.33
5081,0.9181842654534769,0.18,0.0,0.49,0.03,0.3
5082,0.9277736317209444,0.15,0.0,0.5,0.04,0.31
5083,0.918326699766887,0.14,0.0,0.43,0.04,0.39
5084,0.9237357101253906,0.18,0.0,0.38,0.03,0.41
5085,0.935770812501887,0.16,0.0,0.42,0.02,0.4
5086,0.9217718076302187,0.12,0.0,0.55,0.01,0.32
5087,0.9235825319843234,0.12,0.0,0.56,0.0,0.32
5088,0.9139103930454796,0.12,0.0,0.56,0.01,0.31
5089,0.9204247105334735,0.14,0.0,0.51,0.03,0.32
5090,0.9122354348875784,0.12,0.0,0.54,0.02,0.32
5091,0.9076474738803714,0.1,0.0,0.62,0.04,0.24
5092,0.9378191109540722,0.13,0.0,0.62,0.05,0.2
5093,0.9462907684279959,0.1,0.0,0.7,0.02,0.18
5094,0.9367312329815454,0.1,0.0,0.64,0.02,0.24
5095,0.9481735216258196,0.05,0.0,0.67,0.02,0.26
5096,0.9395847503082538,0.06,0.0,0.69,0.01,0.24
5097,0.9299925374711596,0.03,0.0,0.74,0.01,0.22
5098,0.9446961306050479,0.03,0.0,0.71,0.0,0.26
5099,0.5283333333333331,0.03,0.0,0.73,0.0,0.24
5100,0.5691666666666664,0.03,0.0,0.67,0.0,0.3
5101,0.5859204665867381,0.06,0.0,0.63,0.0,0.31
5102,0.5949999999999996,0.05,0.0,0.57,0.0,0.38
5103,0.6199999999999999,0.11,0.01,0.55,0.0,0.34
5104,0.6185365340472396,0.09,0.01,0.48,0.0,0.43
5105,0.6368698673805735,0.17,0.0,0.44,0.01,0.38
5106,0.6585365340472399,0.19,0.01,0.34,0.01,0.46
5107,0.7235995101517095,0.21,0.0,0.3,0.02,0.47
5108,0.7102032007139063,0.26,0.0,0.28,0.03,0.43
5109,0.7183333333333333,0.26,0.0,0.24,0.05,0.45
5110,0.72853653404724,0.18,0.0,0.27,0.08,0.47
5111,0.71353653404724,0.25,0.0,0.21,0.09,0.45
5112,0.7524565638468794,0.29,0.0,0.19,0.11,0.41
5113,0.7856725782461903,0.33,0.0,0.13,0.14,0.4
5114,0.799068887683993,0.34,0.0,0.14,0.08,0.44
5115,0.8371360441989504,0.4,0.0,0.11,0.17,0.32
5116,0.8635995101517099,0.37,0.0,0.06,0.25,0.32
5117,0.9038656869700868,0.33,0.0,0.07,0.41,0.19
5118,0.8927396635383417,0.23,0.0,0.05,0.54,0.18
5119,0.9235995101517099,0.22,0.0,0.07,0.53,0.18
5120,0.9118698673805732,0.2,0.0,0.06,0.58,0.16
5121,0.9002661768183766,0.19,0.0,0.05,0.58,0.18
5122,0.9262821803879107,0.23,0.0,0.06,0.59,0.12
5123,0.9370730680944805,0.1,0.0,0.04,0.74,0.12
5124,0.9439429354750537,0.09,0.0,0.03,0.76,0.12
5125,0.9474794695222939,0.09,0.0,0.02,0.77,0.12
5126,0.9517226429619347,0.09,0.0,0.0,0.8,0.11
5127,0.947468843041863,0.08,0.0,0.0,0.77,0.15
5128,0.9291248832280988,0.06,0.0,0.0,0.76,0.18
5129,0.9129275940937154,0.05,0.0,0.0,0.72,0.23
5130,0.9175318191463329,0.03,0.0,0.0,0.74,0.23
5131,0.9315158155767989,0.01,0.0,0.03,0.74,0.22
5132,0.9119616289366621,0.02,0.0,0.04,0.69,0.25
5133,0.924645948196225,0.0,0.0,0.02,0.74,0.24
5134,0.9303291529228466,0.0,0.0,0.03,0.74,0.23
5135,0.9409387550645667,0.02,0.0,0.04,0.75,0.19
5136,0.9257985304551299,0.0,0.0,0.03,0.79,0.18
5137,0.9260647072735062,0.02,0.0,0.04,0.76,0.18
5138,0.9339429354750537,0.02,0.0,0.0,0.82,0.16
5139,0.96353653404724,0.01,0.0,0.0,0.89,0.1
5140,0.9502032007139068,0.01,0.0,0.0,0.85,0.14
5141,0.9633333333333332,0.0,0.0,0.0,0.89,0.11
5142,0.96853653404724,0.0,0.0,0.0,0.87,0.13
5143,0.9468698673805734,0.0,0.0,0.02,0.84,0.14
5144,0.9588027108656167,0.0,0.0,0.01,0.85,0.14
5145,0.9508615065595996,0.02,0.0,0.01,0.8,0.17
5146,0.9637884384651195,0.02,0.0,0.01,0.83,0.14
5147,0.9749999999999999,0.02,0.0,0.0,0.9,0.08
5148,0.9704064014278135,0.04,0.0,0.0,0.86,0.1
5149,0.9770730680944801,0.05,0.0,0.0,0.86,0.09
5150,0.9669782546580176,0.03,0.0,0.0,0.86,0.11
5151,0.9668698673805732,0.05,0.0,0.0,0.83,0.12
5152,0.9599999999999999,0.02,0.0,0.0,0.83,0.15
5153,0.9649999999999999,0.05,0.0,0.01,0.79,0.15
5154,0.9297861728056622,0.07,0.0,0.02,0.72,0.19
5155,0.9570730680944802,0.07,0.0,0.02,0.79,0.12
5156,0.9469328434850434,0.08,0.0,0.04,0.74,0.14
5157,0.9323392449128568,0.1,0.0,0.02,0.69,0.19
5158,0.9369328434850434,0.08,0.0,0.01,0.67,0.24
5159,0.9197861728056624,0.11,0.0,0.04,0.57,0.28
5160,0.9164528394723291,0.12,0.0,0.04,0.54,0.3
5161,0.9262496387584218,0.22,0.0,0.02,0.49,0.27
5162,0.8931195061389956,0.24,0.0,0.03,0.43,0.3
5163,0.9181088796585648,0.23,0.0,0.03,0.52,0.22
5164,0.932467398075552,0.22,0.0,0.06,0.52,0.2
5165,0.9395602741645827,0.18,0.0,0.06,0.5,0.26
5166,0.9314286965788448,0.17,0.0,0.07,0.49,0.27
5167,0.9445709006450135,0.19,0.0,0.06,0.55,0.2
5168,0.9456187836558401,0.2,0.0,0.01,0.63,0.16
5169,0.9433333333333332,0.21,0.0,0.02,0.59,0.18
5170,0.9666666666666666,0.16,0.0,0.05,0.68,0.11
5171,0.9683333333333333,0.16,0.0,0.06,0.69,0.09
5172,0.9449999999999998,0.16,0.0,0.08,0.59,0.17
5173,0.939826666737264,0.17,0.0,0.11,0.58,0.14
5174,0.9456096021417205,0.19,0.0,0.07,0.58,0.16
5175,0.945812802855627,0.18,0.0,0.07,0.59,0.16
5176,0.9590059115795236,0.17,0.0,0.04,0.68,0.11
5177,0.9600182855808587,0.15,0.0,0.02,0.7,0.13
5178,0.9689286630745562,0.14,0.0,0.02,0.73,0.11
5179,0.953739734761147,0.18,0.0,0.01,0.67,0.14
5180,0.9433333333333331,0.18,0.0,0.02,0.62,0.18
5181,0.9249999999999997,0.11,0.0,0.01,0.61,0.27
5182,0.9106376729439591,0.12,0.0,0.04,0.56,0.28
5183,0.94353653404724,0.13,0.0,0.07,0.62,0.18
5184,0.9421011388967189,0.12,0.0,0.07,0.63,0.18
5185,0.9433227068529024,0.09,0.0,0.07,0.68,0.16
5186,0.9262192042834405,0.09,0.0,0.07,0.61,0.23
5187,0.9441461361889604,0.06,0.0,0.05,0.69,0.2
5188,0.9393493369028669,0.07,0.0,0.03,0.67,0.23
5189,0.9456096021417203,0.06,0.0,0.03,0.7,0.21
5190,0.9320730680944801,0.07,0.0,0.04,0.67,0.22
5191,0.9118698673805733,0.05,0.0,0.05,0.67,0.23
5192,0.9349999999999998,0.01,0.0,0.05,0.71,0.23
5193,0.9249999999999997,0.02,0.0,0.06,0.69,0.23
5194,0.9633333333333332,0.04,0.0,0.04,0.79,0.13
5195,0.93506297610447,0.0,0.0,0.06,0.78,0.16
5196,0.9200629761044697,0.0,0.0,0.08,0.72,0.2
5197,0.9333333333333332,0.0,0.0,0.04,0.74,0.22
5198,0.9349999999999998,0.01,0.0,0.06,0.73,0.2
5199,0.5833333333333327,0.02,0.0,0.04,0.78,0.16
5200,0.5899999999999994,0.02,0.0,0.01,0.75,0.22
5201,0.6069162988211033,0.01,0.0,0.02,0.68,0.29
5202,0.5960765049853769,0.02,0.0,0.08,0.56,0.34
5203,0.642911891979757,0.02,0.0,0.08,0.47,0.43
5204,0.6772163495532686,0.03,0.0,0.12,0.38,0.47
5205,0.6760993657732045,0.03,0.0,0.15,0.44,0.38
5206,0.7072163495532687,0.06,0.0,0.15,0.39,0.4
5207,0.7116666666666666,0.08,0.0,0.14,0.37,0.41
5208,0.6866666666666661,0.08,0.0,0.1,0.35,0.47
5209,0.7145302645192104,0.11,0.0,0.11,0.31,0.47
5210,0.7211969311858774,0.11,0.0,0.16,0.31,0.42
5211,0.7404154427706868,0.13,0.0,0.15,0.25,0.47
5212,0.7576513225960526,0.17,0.0,0.18,0.25,0.4
5213,0.762651322596053,0.25,0.0,0.11,0.23,0.41
5214,0.7887941220311556,0.27,0.0,0.11,0.2,0.42
5215,0.8112421161536849,0.35,0.0,0.07,0.2,0.38
5216,0.8137941220311558,0.37,0.0,0.06,0.25,0.32
5217,0.8514995763779832,0.32,0.0,0.18,0.2,0.3
5218,0.8911097883030067,0.35,0.0,0.26,0.13,0.26
5219,0.9017570366022813,0.31,0.0,0.31,0.12,0.26
5220,0.9156052903842117,0.29,0.0,0.32,0.12,0.27
5221,0.8989875912865726,0.34,0.0,0.31,0.11,0.24
5222,0.9088934387497375,0.4,0.0,0.29,0.08,0.23
5223,0.920090369935615,0.42,0.0,0.28,0.07,0.23
5224,0.9033694105588453,0.48,0.0,0.22,0.09,0.21
5225,0.936802221570089,0.41,0.0,0.31,0.06,0.22
5226,0.9333694105588457,0.44,0.0,0.29,0.05,0.22
5227,0.933938623717545,0.43,0.0,0.29,0.05,0.23
5228,0.9353478301599129,0.37,0.01,0.36,0.06,0.21
5229,0.9391902264509752,0.43,0.01,0.3,0.04,0.23
5230,0.9156052903842112,0.38,0.01,0.26,0.07,0.29
5231,0.9151355549034222,0.32,0.0,0.27,0.07,0.34
5232,0.9031476262614769,0.26,0.0,0.3,0.04,0.4
5233,0.9070706774419903,0.16,0.0,0.41,0.04,0.39
5234,0.8908230634645045,0.26,0.0,0.35,0.03,0.36
5235,0.8784658844087132,0.23,0.0,0.22,0.07,0.48
5236,0.887462422478253,0.18,0.0,0.27,0.04,0.51
5237,0.9176205659839693,0.18,0.0,0.34,0.04,0.44
5238,0.910393247070845,0.15,0.0,0.37,0.03,0.45
5239,0.928938623717545,0.18,0.0,0.42,0.01,0.39
5240,0.9300903699356148,0.21,0.01,0.45,0.03,0.31
5241,0.9386359785254389,0.23,0.02,0.54,0.03,0.2
5242,0.9330667653667399,0.19,0.05,0.6,0.01,0.2
5243,0.9431717408684512,0.24,0.06,0.53,0.02,0.21
5244,0.9638482537819302,0.36,0.05,0.49,0.03,0.12
5245,0.9526513225960528,0.32,0.03,0.51,0.06,0.11
5246,0.9402574602242982,0.28,0.04,0.59,0.03,0.1
5247,0.92956959199615,0.15,0.02,0.7,0.03,0.12
5248,0.9336242635437031,0.15,0.0,0.66,0.04,0.15
5249,0.9411969311858772,0.14,0.0,0.68,0.03,0.15
5250,0.9322163495532692,0.14,0.0,0.64,0.05,0.17
5251,0.942216349553269,0.12,0.0,0.69,0.03,0.16
5252,0.9267353472734946,0.12,0.0,0.7,0.04,0.14
5253,0.9367466140724797,0.16,0.0,0.66,0.01,0.17
5254,0.9519241268909652,0.17,0.0,0.66,0.01,0.16
5255,0.9443003712558599,0.2,0.0,0.64,0.02,0.14
5256,0.9407602604898375,0.2,0.0,0.62,0.01,0.17
5257,0.9355149204485972,0.18,0.0,0.62,0.04,0.16
5258,0.9143979366685323,0.2,0.0,0.6,0.03,0.17
5259,0.9309901537531879,0.17,0.0,0.61,0.01,0.21
5260,0.9284913158797218,0.18,0.0,0.66,0.04,0.12
5261,0.9284132807391464,0.24,0.0,0.59,0.03,0.14
5262,0.9350799474058128,0.22,0.0,0.62,0.05,0.11
5263,0.9419241268909652,0.22,0.0,0.58,0.06,0.14
5264,0.9407271957050878,0.27,0.0,0.55,0.06,0.12
5265,0.945,0.31,0.0,0.57,0.05,0.07
5266,0.9416666666666669,0.3,0.0,0.62,0.05,0.03
5267,0.9583333333333335,0.28,0.0,0.65,0.03,0.04
5268,0.955,0.3,0.0,0.65,0.01,0.04
5269,0.9516666666666667,0.31,0.0,0.65,0.01,0.03
5270,0.9461969311858772,0.34,0.0,0.58,0.02,0.06
5271,0.961924126890965,0.38,0.0,0.53,0.0,0.09
5272,0.9310181259154576,0.38,0.0,0.52,0.01,0.09
5273,0.940415442770687,0.38,0.0,0.5,0.0,0.12
5274,0.9365055193329078,0.39,0.0,0.49,0.03,0.09
5275,0.9275518449181432,0.37,0.0,0.51,0.04,0.08
5276,0.9366666666666668,0.41,0.0,0.44,0.07,0.08
5277,0.9445302645192106,0.42,0.0,0.44,0.06,0.08
5278,0.9211939273578348,0.34,0.0,0.5,0.11,0.05
5279,0.9318246492130551,0.26,0.0,0.6,0.11,0.03
5280,0.9433333333333335,0.26,0.0,0.6,0.07,0.07
5281,0.9583333333333333,0.33,0.0,0.57,0.05,0.05
5282,0.9533333333333331,0.25,0.0,0.67,0.04,0.04
5283,0.9483333333333331,0.24,0.0,0.65,0.05,0.06
5284,0.9268246492130554,0.25,0.0,0.64,0.02,0.09
5285,0.9346882470655993,0.17,0.0,0.73,0.0,0.1
5286,0.9590605290384212,0.16,0.0,0.76,0.0,0.08
5287,0.9400841527776804,0.16,0.0,0.71,0.0,0.13
5288,0.9460809688199261,0.17,0.0,0.66,0.0,0.17
5289,0.9306112333391361,0.11,0.0,0.67,0.0,0.22
5290,0.9222641934853152,0.14,0.0,0.63,0.0,0.23
5291,0.9301414978583472,0.13,0.0,0.66,0.01,0.2
5292,0.9097065248155629,0.12,0.0,0.69,0.04,0.15
5293,0.9384296462238727,0.14,0.0,0.71,0.04,0.11
5294,0.9370822703966817,0.14,0.0,0.76,0.02,0.08
5295,0.9461969311858773,0.16,0.0,0.76,0.01,0.07
5296,0.9595302645192106,0.15,0.0,0.8,0.0,0.05
5297,0.9378635978525438,0.11,0.0,0.78,0.01,0.1
5298,0.93,0.09,0.0,0.79,0.02,0.1
5299,0.6299999999999999,0.07,0.0,0.77,0.0,0.16
5300,0.6466666666666667,0.04,0.0,0.78,0.0,0.18
5301,0.6900000000000003,0.05,0.0,0.81,0.0,0.14
5302,0.6993190953404013,0.05,0.0,0.83,0.0,0.12
5303,0.6898841569257854,0.04,0.0,0.84,0.0,0.12
5304,0.7358071225019455,0.04,0.0,0.8,0.0,0.16
5305,0.7216666666666669,0.05,0.0,0.72,0.0,0.23
5306,0.7433333333333332,0.02,0.01,0.74,0.0,0.24
5307,0.7566666666666667,0.01,0.01,0.74,0.0,0.25
5308,0.7416666666666668,0.02,0.02,0.74,0.0,0.24
5309,0.7383333333333334,0.03,0.03,0.7,0.0,0.27
5310,0.746666666666667,0.02,0.01,0.7,0.01,0.27
5311,0.7483333333333335,0.02,0.0,0.69,0.02,0.27
5312,0.7516666666666667,0.0,0.0,0.66,0.03,0.31
5313,0.7549999999999999,0.0,0.0,0.65,0.05,0.3
5314,0.7583333333333335,0.0,0.0,0.67,0.06,0.27
5315,0.7866666666666666,0.0,0.0,0.55,0.1,0.35
5316,0.7833333333333331,0.0,0.0,0.58,0.08,0.34
5317,0.7597681785445873,0.01,0.0,0.63,0.06,0.3
5318,0.7766666666666666,0.04,0.01,0.56,0.07,0.33
5319,0.7783333333333334,0.04,0.0,0.57,0.06,0.33
5320,0.7716666666666667,0.02,0.0,0.54,0.08,0.36
5321,0.7883333333333331,0.05,0.0,0.46,0.16,0.33
5322,0.805,0.06,0.0,0.41,0.18,0.35
5323,0.7871490478742089,0.06,0.0,0.42,0.17,0.35
5324,0.7966666666666669,0.07,0.0,0.4,0.17,0.36
5325,0.8166666666666665,0.1,0.0,0.4,0.19,0.31
5326,0.8233333333333335,0.15,0.0,0.31,0.26,0.28
5327,0.8283333333333335,0.2,0.0,0.3,0.24,0.26
5328,0.8683333333333333,0.24,0.0,0.29,0.3,0.17
5329,0.8949999999999999,0.16,0.0,0.28,0.4,0.16
5330,0.8833333333333332,0.19,0.0,0.25,0.47,0.09
5331,0.9116666666666663,0.22,0.0,0.19,0.46,0.13
5332,0.9216666666666664,0.2,0.01,0.12,0.51,0.17
5333,0.9216666666666664,0.26,0.02,0.09,0.48,0.17
5334,0.9216666666666665,0.22,0.0,0.06,0.53,0.19
5335,0.9033333333333331,0.26,0.0,0.1,0.42,0.22
5336,0.895,0.27,0.0,0.1,0.41,0.22
5337,0.8849999999999997,0.21,0.0,0.14,0.48,0.17
5338,0.9083333333333333,0.32,0.0,0.13,0.44,0.11
5339,0.9171490478742089,0.33,0.0,0.18,0.42,0.07
5340,0.9066666666666664,0.35,0.0,0.15,0.34,0.16
5341,0.9188157145408757,0.31,0.01,0.1,0.43,0.16
5342,0.92,0.29,0.01,0.08,0.45,0.18
5343,0.9466666666666665,0.33,0.01,0.06,0.52,0.09
5344,0.9366666666666664,0.34,0.02,0.06,0.46,0.14
5345,0.9176524286737346,0.3,0.02,0.1,0.46,0.14
5346,0.9283381962581866,0.32,0.05,0.05,0.47,0.16
5347,0.9266666666666667,0.33,0.08,0.04,0.43,0.2
5348,0.9133333333333333,0.3,0.1,0.05,0.41,0.24
5349,0.9383333333333331,0.37,0.12,0.07,0.42,0.14
5350,0.9231515456183651,0.43,0.11,0.13,0.35,0.09
5351,0.9533333333333333,0.46,0.12,0.06,0.45,0.03
5352,0.9527975750278707,0.56,0.11,0.07,0.33,0.04
5353,0.959818212285032,0.64,0.11,0.06,0.25,0.05
5354,0.9407286907516323,0.61,0.13,0.07,0.28,0.04
5355,0.9449999999999998,0.61,0.15,0.09,0.23,0.07
5356,0.937213569703331,0.57,0.11,0.08,0.27,0.08
5357,0.9371490478742092,0.61,0.09,0.07,0.25,0.07
5358,0.9304823812075425,0.6,0.1,0.08,0.26,0.06
5359,0.9449999999999998,0.66,0.08,0.1,0.17,0.07
5360,0.95130309123673,0.67,0.02,0.09,0.2,0.04
5361,0.9548182122850318,0.6,0.01,0.1,0.26,0.04
5362,0.9599999999999999,0.6,0.0,0.04,0.28,0.08
5363,0.9533333333333331,0.63,0.0,0.02,0.28,0.07
5364,0.9733333333333332,0.62,0.0,0.02,0.3,0.06
5365,0.9481515456183651,0.56,0.0,0.04,0.33,0.07
5366,0.965,0.51,0.0,0.06,0.37,0.06
5367,0.9347681785445872,0.42,0.0,0.08,0.4,0.1
5368,0.9369715240141353,0.41,0.0,0.06,0.42,0.11
5369,0.9564848789516985,0.42,0.0,0.06,0.48,0.04
5370,0.97,0.46,0.0,0.03,0.44,0.07
5371,0.9484035566433068,0.39,0.0,0.07,0.45,0.09
5372,0.9242024707049126,0.35,0.0,0.08,0.4,0.17
5373,0.937830229208312,0.32,0.0,0.15,0.45,0.08
5374,0.918151545618365,0.3,0.0,0.13,0.42,0.15
5375,0.9466666666666668,0.35,0.0,0.08,0.42,0.15
5376,0.9348182122850315,0.25,0.0,0.05,0.53,0.17
5377,0.9266666666666665,0.16,0.0,0.07,0.58,0.19
5378,0.953333333333333,0.18,0.0,0.05,0.6,0.17
5379,0.9563030912367304,0.19,0.0,0.05,0.61,0.15
5380,0.9395734426327018,0.17,0.0,0.06,0.67,0.1
5381,0.9313030912367304,0.22,0.0,0.05,0.61,0.12
5382,0.9348182122850319,0.2,0.01,0.04,0.65,0.11
5383,0.951286355499642,0.13,0.0,0.02,0.77,0.08
5384,0.9236339268259076,0.06,0.0,0.03,0.71,0.2
5385,0.906335579217633,0.04,0.0,0.03,0.74,0.19
5386,0.9227379364479841,0.03,0.0,0.01,0.77,0.19
5387,0.9401188057776063,0.04,0.0,0.02,0.8,0.14
5388,0.9047853398808143,0.07,0.01,0.02,0.75,0.16
5389,0.9353005934925743,0.04,0.0,0.03,0.74,0.19
5390,0.9251188057776062,0.04,0.0,0.03,0.69,0.24
5391,0.9309647624150851,0.05,0.0,0.01,0.78,0.16
5392,0.9664848789516985,0.06,0.0,0.01,0.8,0.13
5393,0.9581515456183649,0.06,0.0,0.01,0.76,0.17
5394,0.9298182122850318,0.05,0.0,0.03,0.75,0.17
5395,0.9366666666666665,0.03,0.0,0.04,0.78,0.15
5396,0.9514848789516985,0.02,0.0,0.04,0.8,0.14
5397,0.9486381906808019,0.0,0.0,0.06,0.81,0.13
5398,0.9422888532437982,0.0,0.0,0.05,0.78,0.17
5399,0.6349999999999999,0.0,0.0,0.06,0.72,0.22
5400,0.6749999999999996,0.0,0.0,0.1,0.62,0.28
5401,0.7240618172348339,0.01,0.0,0.14,0.46,0.39
5402,0.7723869672342957,0.01,0.0,0.23,0.33,0.43
5403,0.7383251499994617,0.02,0.0,0.24,0.3,0.44
5404,0.7892469660968842,0.01,0.0,0.33,0.19,0.47
5405,0.8270533310585102,0.01,0.0,0.38,0.09,0.52
5406,0.8513166638231381,0.03,0.0,0.41,0.04,0.52
5407,0.822983330489805,0.03,0.0,0.38,0.06,0.53
5408,0.8165099960190598,0.02,0.0,0.38,0.06,0.54
5409,0.8164155548871388,0.01,0.0,0.39,0.02,0.58
5410,0.8507733287836875,0.01,0.0,0.51,0.02,0.46
5411,0.8605799965877656,0.03,0.0,0.47,0.03,0.47
5412,0.8594566649605495,0.01,0.0,0.54,0.03,0.42
5413,0.8742633327646274,0.01,0.0,0.56,0.03,0.4
5414,0.8785266655292553,0.05,0.0,0.6,0.04,0.31
5415,0.892596666097961,0.06,0.0,0.61,0.04,0.29
5416,0.8772780753237717,0.04,0.0,0.68,0.03,0.25
5417,0.8763788933388238,0.05,0.0,0.68,0.01,0.26
5418,0.8997122266721572,0.08,0.0,0.75,0.01,0.16
5419,0.9433333333333335,0.05,0.0,0.89,0.0,0.06
5420,0.9533333333333336,0.04,0.0,0.9,0.0,0.06
5421,0.9366666666666665,0.04,0.0,0.9,0.0,0.06
5422,0.9349999999999998,0.0,0.0,0.94,0.0,0.06
5423,0.9480455600054906,0.01,0.0,0.89,0.0,0.1
5424,0.9358033466831368,0.03,0.0,0.93,0.0,0.04
5425,0.9413788933388237,0.03,0.0,0.88,0.0,0.09
5426,0.9363788933388235,0.03,0.0,0.83,0.0,0.14
5427,0.9374221449102212,0.0,0.0,0.84,0.01,0.15
5428,0.941218665142785,0.0,0.0,0.82,0.01,0.17
5429,0.9343125002169611,0.0,0.0,0.84,0.0,0.16
5430,0.9443125002169613,0.01,0.0,0.83,0.0,0.16
5431,0.9563268105478933,0.0,0.0,0.86,0.0,0.14
5432,0.9439687503254417,0.0,0.0,0.83,0.0,0.17
5433,0.944024726889118,0.0,0.0,0.87,0.0,0.13
5434,0.942701810113971,0.01,0.0,0.83,0.01,0.15
5435,0.9406354169921086,0.02,0.0,0.78,0.0,0.2
5436,0.9270143103309322,0.01,0.0,0.81,0.01,0.17
5437,0.9363788933388233,0.01,0.0,0.83,0.0,0.16
5438,0.9433333333333331,0.0,0.0,0.82,0.0,0.18
5439,0.9416666666666668,0.0,0.0,0.81,0.0,0.19
5440,0.9180455600054903,0.01,0.0,0.73,0.0,0.26
5441,0.9113788933388236,0.0,0.0,0.72,0.0,0.28
5442,0.9330455600054899,0.0,0.0,0.77,0.0,0.23
5443,0.9344244533443137,0.0,0.0,0.85,0.0,0.15
5444,0.9360911200109803,0.01,0.0,0.91,0.0,0.08
5445,0.962596666097961,0.0,0.0,0.92,0.0,0.08
5446,0.9080455600054904,0.0,0.0,0.85,0.0,0.15
5447,0.9230455600054904,0.01,0.0,0.79,0.0,0.2
5448,0.924712226672157,0.01,0.0,0.85,0.0,0.14
5449,0.9113788933388238,0.04,0.0,0.82,0.0,0.14
5450,0.9297122266721572,0.02,0.0,0.83,0.0,0.15
5451,0.9333333333333335,0.01,0.0,0.85,0.01,0.13
5452,0.9013788933388236,0.01,0.0,0.77,0.01,0.21
5453,0.9333333333333332,0.01,0.0,0.81,0.0,0.18
5454,0.9094244533443137,0.0,0.0,0.8,0.0,0.2
5455,0.9266666666666664,0.0,0.0,0.78,0.0,0.22
5456,0.90804556000549,0.0,0.0,0.74,0.0,0.26
5457,0.9060911200109802,0.0,0.0,0.73,0.0,0.27
5458,0.9066666666666667,0.0,0.0,0.77,0.0,0.23
5459,0.9135796810220523,0.0,0.0,0.74,0.0,0.26
5460,0.9002049220495947,0.0,0.0,0.76,0.0,0.24
5461,0.923538255382928,0.0,0.0,0.78,0.0,0.22
5462,0.9213788933388234,0.0,0.0,0.78,0.0,0.22
5463,0.9213788933388233,0.0,0.0,0.75,0.01,0.24
5464,0.9063788933388236,0.0,0.0,0.73,0.01,0.26
5465,0.9163788933388229,0.0,0.0,0.75,0.01,0.24
5466,0.9230455600054903,0.0,0.0,0.74,0.01,0.25
5467,0.9150418452242935,0.01,0.0,0.75,0.0,0.24
5468,0.9302520687447868,0.01,0.0,0.82,0.0,0.17
5469,0.93866295188547,0.0,0.0,0.83,0.0,0.17
5470,0.9466666666666668,0.01,0.0,0.85,0.0,0.14
5471,0.948950725213313,0.02,0.0,0.86,0.0,0.12
5472,0.9536629518854699,0.02,0.0,0.88,0.0,0.1
5473,0.9550000000000003,0.03,0.0,0.87,0.01,0.09
5474,0.9416309620836101,0.02,0.0,0.87,0.0,0.11
5475,0.9442803437654497,0.02,0.0,0.81,0.0,0.17
5476,0.9345681170932931,0.01,0.0,0.79,0.01,0.19
5477,0.9469962852188033,0.02,0.0,0.87,0.02,0.09
5478,0.9349999999999998,0.07,0.0,0.78,0.03,0.12
5479,0.9303296185521366,0.05,0.0,0.78,0.02,0.15
5480,0.9147536260665653,0.02,0.0,0.67,0.03,0.28
5481,0.9326550764931918,0.03,0.0,0.74,0.03,0.2
5482,0.9508029008532525,0.02,0.0,0.84,0.02,0.12
5483,0.9336629518854699,0.02,0.0,0.85,0.03,0.1
5484,0.9369962852188032,0.02,0.0,0.83,0.03,0.12
5485,0.9433333333333332,0.0,0.0,0.87,0.05,0.08
5486,0.9416666666666668,0.0,0.0,0.86,0.02,0.12
5487,0.9413788933388234,0.01,0.0,0.86,0.03,0.1
5488,0.9527577866776471,0.01,0.0,0.89,0.02,0.08
5489,0.95,0.01,0.0,0.88,0.02,0.09
5490,0.9363788933388234,0.0,0.0,0.91,0.02,0.07
5491,0.93804556000549,0.0,0.0,0.85,0.0,0.15
5492,0.9433333333333332,0.0,0.0,0.85,0.0,0.15
5493,0.9316666666666668,0.0,0.0,0.88,0.0,0.12
5494,0.9433333333333336,0.0,0.0,0.86,0.0,0.14
5495,0.935,0.0,0.0,0.84,0.0,0.16
5496,0.9483333333333336,0.03,0.0,0.86,0.0,0.11
5497,0.9483333333333333,0.02,0.0,0.85,0.0,0.13
5498,0.9466666666666668,0.0,0.0,0.89,0.0,0.11
5499,0.5416666666666667,0.0,0.0,0.9,0.0,0.1
5500,0.5765526734387537,0.01,0.0,0.82,0.0,0.17
5501,0.6117899932291411,0.02,0.0,0.81,0.0,0.17
5502,0.6739827905471296,0.0,0.0,0.74,0.0,0.26
5503,0.6496931724853647,0.0,0.0,0.78,0.0,0.22
5504,0.6929913536495941,0.0,0.0,0.75,0.0,0.25
5505,0.6995440270883474,0.0,0.0,0.69,0.0,0.31
5506,0.7213246869829273,0.0,0.0,0.72,0.0,0.28
5507,0.6978773604216809,0.02,0.0,0.69,0.0,0.29
5508,0.7112106937550142,0.0,0.0,0.71,0.0,0.29
5509,0.7332193401054206,0.0,0.0,0.71,0.0,0.29
5510,0.7118889753870458,0.0,0.0,0.69,0.01,0.3
5511,0.7200000000000003,0.02,0.0,0.81,0.0,0.17
5512,0.7163097542921781,0.01,0.0,0.88,0.0,0.11
5513,0.7450000000000001,0.01,0.0,0.79,0.0,0.2
5514,0.7424231295531857,0.03,0.0,0.68,0.0,0.29
5515,0.7532193401054202,0.02,0.0,0.69,0.0,0.29
5516,0.7635355472338246,0.03,0.0,0.57,0.0,0.4
5517,0.7558774436696227,0.03,0.0,0.56,0.0,0.41
5518,0.7616666666666668,0.02,0.0,0.61,0.0,0.37
5519,0.7390665552298654,0.03,0.0,0.57,0.0,0.4
5520,0.7454750068955286,0.04,0.0,0.43,0.01,0.52
5521,0.7678169033313264,0.02,0.0,0.46,0.0,0.52
5522,0.7343247702308693,0.03,0.0,0.52,0.02,0.43
5523,0.7529743106926067,0.05,0.0,0.49,0.02,0.44
5524,0.7533333333333337,0.05,0.0,0.5,0.01,0.44
5525,0.7459914368975354,0.06,0.0,0.49,0.0,0.45
5526,0.7779743106926067,0.07,0.0,0.42,0.01,0.5
5527,0.7678175019523716,0.08,0.0,0.38,0.01,0.53
5528,0.7699992779327646,0.03,0.0,0.39,0.02,0.56
5529,0.7178603174646938,0.03,0.0,0.37,0.04,0.56
5530,0.7383030787771294,0.01,0.0,0.28,0.04,0.67
5531,0.7213314725467284,0.01,0.0,0.24,0.03,0.72
5532,0.7287311418022058,0.01,0.0,0.17,0.03,0.79
5533,0.7268352166389153,0.01,0.0,0.1,0.06,0.83
5534,0.7325104464080465,0.01,0.0,0.06,0.04,0.89
5535,0.7501898405267147,0.02,0.0,0.06,0.0,0.92
5536,0.7550208928160929,0.02,0.0,0.07,0.01,0.9
5537,0.7732989473378552,0.03,0.0,0.06,0.02,0.89
5538,0.7523582173255494,0.04,0.0,0.06,0.03,0.87
5539,0.7629024109097803,0.04,0.0,0.08,0.03,0.85
5540,0.7737377611343161,0.05,0.0,0.09,0.05,0.81
5541,0.7495468318861953,0.07,0.0,0.08,0.05,0.8
5542,0.7656324142568092,0.05,0.0,0.12,0.03,0.8
5543,0.7519828737950711,0.01,0.0,0.07,0.06,0.86
5544,0.7593247702308691,0.01,0.0,0.09,0.05,0.85
5545,0.7407564628865191,0.02,0.0,0.11,0.08,0.79
5546,0.735297124671446,0.01,0.0,0.08,0.1,0.81
5547,0.745,0.0,0.0,0.04,0.12,0.84
5548,0.7503162071284046,0.0,0.0,0.07,0.16,0.77
5549,0.7633333333333334,0.01,0.0,0.14,0.11,0.74
5550,0.7833333333333333,0.01,0.0,0.16,0.08,0.75
5551,0.7833333333333333,0.0,0.0,0.12,0.03,0.85
5552,0.7733333333333333,0.0,0.0,0.16,0.02,0.82
5553,0.7766666666666667,0.0,0.0,0.18,0.01,0.81
5554,0.7764386802108402,0.0,0.0,0.16,0.03,0.81
5555,0.7831053468775069,0.0,0.0,0.21,0.01,0.78
5556,0.759648874030648,0.0,0.0,0.24,0.0,0.76
5557,0.7812106937550141,0.01,0.0,0.27,0.0,0.72
5558,0.7477649223773776,0.0,0.0,0.26,0.0,0.74
5559,0.7627450746225422,0.0,0.0,0.24,0.01,0.75
5560,0.7613103811946914,0.0,0.0,0.25,0.0,0.75
5561,0.7694300338604342,0.0,0.0,0.23,0.0,0.77
5562,0.7694605830844917,0.0,0.0,0.19,0.01,0.8
5563,0.7592020474046077,0.0,0.0,0.19,0.0,0.81
5564,0.7559282573357795,0.0,0.0,0.22,0.0,0.78
5565,0.774098755645917,0.0,0.0,0.19,0.0,0.81
5566,0.7768463347954024,0.0,0.0,0.2,0.0,0.8
5567,0.7657944163530311,0.0,0.0,0.2,0.01,0.79
5568,0.7523168612466078,0.0,0.0,0.22,0.03,0.75
5569,0.7609473192513869,0.01,0.0,0.2,0.06,0.73
5570,0.7752936613566489,0.01,0.0,0.24,0.05,0.7
5571,0.7595880194910503,0.01,0.0,0.2,0.06,0.73
5572,0.7625262344523286,0.0,0.0,0.16,0.07,0.77
5573,0.7543358883873559,0.0,0.0,0.08,0.09,0.83
5574,0.7742020474046079,0.0,0.0,0.06,0.12,0.82
5575,0.7660967005271009,0.0,0.0,0.14,0.09,0.77
5576,0.7560518455148073,0.0,0.0,0.11,0.09,0.8
5577,0.772535380737941,0.0,0.0,0.12,0.12,0.76
5578,0.7735180880371284,0.0,0.0,0.08,0.14,0.78
5579,0.7827197187544718,0.0,0.0,0.1,0.16,0.74
5580,0.774554331473875,0.0,0.0,0.1,0.17,0.73
5581,0.7582547864610656,0.0,0.0,0.12,0.24,0.64
5582,0.7792020474046075,0.0,0.0,0.06,0.28,0.66
5583,0.7546778680710955,0.0,0.0,0.03,0.3,0.67
5584,0.7863246869829271,0.0,0.0,0.05,0.3,0.65
5585,0.7666666666666666,0.0,0.0,0.06,0.26,0.68
5586,0.780019847754835,0.0,0.0,0.1,0.29,0.61
5587,0.7939083822051594,0.0,0.0,0.07,0.24,0.69
5588,0.7753169724262812,0.0,0.0,0.08,0.2,0.72
5589,0.7933333333333331,0.0,0.0,0.09,0.22,0.69
5590,0.7983333333333331,0.0,0.0,0.12,0.27,0.61
5591,0.7878603174646936,0.01,0.0,0.13,0.3,0.56
5592,0.79130764402594,0.02,0.0,0.13,0.25,0.6
5593,0.7569492098668289,0.02,0.0,0.1,0.22,0.66
5594,0.7642107770029557,0.0,0.0,0.08,0.2,0.72
5595,0.753501883305582,0.0,0.0,0.06,0.21,0.73
5596,0.7703965364280747,0.0,0.0,0.04,0.19,0.77
5597,0.76695069810769,0.0,0.0,0.04,0.13,0.83
5598,0.7616666666666667,0.01,0.0,0.03,0.1,0.86
5599,0.666666666666666,0.0,0.0,0.02,0.09,0.89
5600,0.678333333333333,0.0,0.0,0.01,0.13,0.86
5601,0.6833333333333327,0.0,0.0,0.04,0.14,0.82
5602,0.6849999999999993,0.01,0.0,0.05,0.11,0.83
5603,0.6866666666666663,0.0,0.0,0.04,0.1,0.86
5604,0.6783333333333329,0.0,0.0,0.05,0.08,0.87
5605,0.688333333333333,0.0,0.0,0.08,0.05,0.87
5606,0.6933333333333331,0.0,0.0,0.1,0.0,0.9
5607,0.6783333333333327,0.0,0.0,0.08,0.0,0.92
5608,0.691666666666666,0.0,0.0,0.09,0.0,0.91
5609,0.6766666666666662,0.0,0.0,0.05,0.01,0.94
5610,0.7016666666666664,0.0,0.0,0.04,0.0,0.96
5611,0.7041403948205889,0.0,0.0,0.01,0.0,0.99
5612,0.6974737281539221,0.0,0.0,0.0,0.0,1.0
5613,0.6816666666666662,0.0,0.0,0.0,0.0,1.0
5614,0.6935399248206556,0.0,0.0,0.0,0.0,1.0
5615,0.6885399248206552,0.0,0.0,0.0,0.01,0.99
5616,0.6924737281539218,0.0,0.0,0.01,0.02,0.97
5617,0.6916666666666661,0.0,0.0,0.02,0.02,0.96
5618,0.7033333333333335,0.0,0.0,0.04,0.07,0.89
5619,0.7108070614872553,0.0,0.0,0.04,0.07,0.89
5620,0.7249999999999998,0.0,0.0,0.04,0.06,0.9
5621,0.7257650332337151,0.0,0.0,0.06,0.05,0.89
5622,0.7266666666666667,0.01,0.0,0.07,0.03,0.89
5623,0.7348539153918003,0.02,0.0,0.08,0.01,0.89
5624,0.7764680383663114,0.06,0.0,0.14,0.03,0.77
5625,0.7749474563078447,0.1,0.0,0.14,0.01,0.75
5626,0.8059411691698777,0.16,0.0,0.21,0.0,0.63
5627,0.8389943102123891,0.16,0.0,0.29,0.01,0.54
5628,0.8431347050329785,0.17,0.0,0.28,0.01,0.54
5629,0.8464680383663119,0.17,0.0,0.3,0.01,0.52
5630,0.8731872487251335,0.18,0.0,0.36,0.02,0.44
5631,0.8733333333333332,0.24,0.0,0.3,0.02,0.44
5632,0.8708070614872558,0.21,0.0,0.33,0.07,0.39
5633,0.8783333333333337,0.15,0.0,0.4,0.02,0.43
5634,0.8949999999999997,0.17,0.0,0.45,0.0,0.38
5635,0.9083333333333333,0.18,0.0,0.52,0.0,0.3
5636,0.9191509102592037,0.19,0.0,0.56,0.01,0.24
5637,0.935,0.23,0.0,0.57,0.02,0.18
5638,0.9466666666666668,0.22,0.0,0.6,0.05,0.13
5639,0.9633333333333334,0.19,0.0,0.67,0.04,0.1
5640,0.9558070614872557,0.16,0.0,0.69,0.06,0.09
5641,0.9666141229745113,0.16,0.0,0.74,0.03,0.07
5642,0.9616141229745112,0.2,0.0,0.67,0.06,0.07
5643,0.971561579282356,0.27,0.0,0.6,0.02,0.11
5644,0.9559411691698775,0.29,0.0,0.58,0.02,0.11
5645,0.9508070614872556,0.26,0.0,0.55,0.02,0.17
5646,0.9516141229745112,0.24,0.0,0.6,0.0,0.16
5647,0.9548949126156895,0.22,0.0,0.63,0.01,0.14
5648,0.9565905995806675,0.27,0.0,0.57,0.01,0.15
5649,0.9706494304107893,0.34,0.0,0.55,0.01,0.1
5650,0.9482282459490226,0.39,0.0,0.46,0.04,0.11
5651,0.9657545177951004,0.42,0.0,0.47,0.04,0.07
5652,0.9657019741029451,0.43,0.0,0.43,0.05,0.09
5653,0.9657019741029448,0.42,0.0,0.47,0.06,0.05
5654,0.9782282459490225,0.36,0.0,0.53,0.08,0.03
5655,0.9592219588110558,0.36,0.0,0.5,0.1,0.04
5656,0.9616666666666666,0.34,0.0,0.58,0.07,0.01
5657,0.9716666666666667,0.29,0.0,0.63,0.05,0.03
5658,0.9533333333333335,0.23,0.0,0.62,0.08,0.07
5659,0.9483333333333333,0.28,0.0,0.61,0.05,0.06
5660,0.9289943102123894,0.18,0.0,0.65,0.07,0.1
5661,0.941602146048934,0.19,0.0,0.69,0.04,0.08
5662,0.9588482256041898,0.22,0.0,0.69,0.0,0.09
5663,0.954423624754169,0.2,0.0,0.6,0.0,0.2
5664,0.9400240947541019,0.23,0.0,0.52,0.0,0.25
5665,0.9617317586446574,0.25,0.0,0.55,0.01,0.19
5666,0.9423517382998249,0.27,0.0,0.45,0.01,0.27
5667,0.9230652588710363,0.31,0.0,0.38,0.02,0.29
5668,0.9224858459824471,0.25,0.0,0.47,0.03,0.25
5669,0.9076029102923353,0.17,0.0,0.49,0.05,0.29
5670,0.9007545177951005,0.28,0.0,0.38,0.1,0.24
5671,0.8990878511284339,0.31,0.0,0.42,0.1,0.17
5672,0.9224211844617666,0.28,0.0,0.45,0.07,0.2
5673,0.9240878511284335,0.29,0.0,0.5,0.03,0.18
5674,0.9532282459490226,0.32,0.0,0.5,0.03,0.15
5675,0.9402156716730891,0.35,0.0,0.45,0.08,0.12
5676,0.9332807896411778,0.35,0.0,0.44,0.07,0.14
5677,0.9200815639904669,0.33,0.0,0.51,0.09,0.07
5678,0.9408343634674339,0.22,0.0,0.6,0.08,0.1
5679,0.9176078358365445,0.14,0.0,0.63,0.09,0.14
5680,0.9049474563078448,0.12,0.0,0.59,0.06,0.23
5681,0.9166666666666667,0.11,0.0,0.65,0.05,0.19
5682,0.9358070614872558,0.19,0.0,0.61,0.03,0.17
5683,0.9317465123390004,0.17,0.0,0.67,0.01,0.15
5684,0.9359411691698779,0.22,0.0,0.65,0.02,0.11
5685,0.9426803196412452,0.3,0.0,0.52,0.02,0.16
5686,0.9495535777952342,0.31,0.0,0.52,0.01,0.16
5687,0.9539531077953011,0.4,0.0,0.45,0.0,0.15
5688,0.970961109282423,0.4,0.0,0.46,0.0,0.14
5689,0.9600798456723336,0.5,0.0,0.34,0.02,0.14
5690,0.9566666666666667,0.51,0.0,0.33,0.03,0.13
5691,0.9766666666666667,0.51,0.0,0.4,0.03,0.06
5692,0.9733333333333334,0.49,0.0,0.43,0.04,0.04
5693,0.9774737281539224,0.45,0.0,0.48,0.04,0.03
5694,0.9634674410159555,0.52,0.0,0.4,0.03,0.05
5695,0.9601341076826221,0.49,0.0,0.42,0.02,0.07
5696,0.9673276435457226,0.43,0.0,0.48,0.01,0.08
5697,0.9574737281539223,0.38,0.0,0.5,0.04,0.08
5698,0.9499474563078445,0.34,0.0,0.54,0.04,0.08
5699,0.53,0.4,0.0,0.52,0.02,0.06
5700,0.5016666666666666,0.4,0.0,0.45,0.05,0.1
5701,0.52,0.44,0.0,0.37,0.08,0.11
5702,0.5166666666666666,0.41,0.0,0.33,0.12,0.14
5703,0.5399999999999999,0.47,0.0,0.27,0.13,0.13
5704,0.5350000000000001,0.49,0.0,0.31,0.09,0.11
5705,0.5716666666666668,0.54,0.0,0.28,0.09,0.09
5706,0.5499999999999999,0.54,0.0,0.24,0.09,0.13
5707,0.5666666666666668,0.49,0.0,0.31,0.07,0.13
5708,0.55,0.44,0.0,0.36,0.09,0.11
5709,0.5883333333333335,0.45,0.0,0.36,0.08,0.11
5710,0.5766666666666667,0.37,0.0,0.45,0.07,0.11
5711,0.565,0.35,0.0,0.45,0.04,0.16
5712,0.6050000000000002,0.38,0.0,0.33,0.09,0.2
5713,0.6223848648770338,0.26,0.0,0.39,0.07,0.28
5714,0.646666666666667,0.22,0.0,0.41,0.05,0.32
5715,0.6547211250570868,0.18,0.0,0.34,0.05,0.43
5716,0.7030544583904201,0.16,0.0,0.35,0.05,0.44
5717,0.7033333333333335,0.13,0.0,0.34,0.04,0.49
5718,0.7133333333333336,0.08,0.0,0.32,0.03,0.57
5719,0.7400000000000004,0.08,0.0,0.33,0.01,0.58
5720,0.7719480042923837,0.05,0.0,0.34,0.01,0.6
5721,0.7766666666666668,0.04,0.0,0.4,0.01,0.55
5722,0.7933333333333333,0.02,0.0,0.33,0.0,0.65
5723,0.7716666666666666,0.02,0.0,0.33,0.01,0.64
5724,0.7852813376257172,0.01,0.0,0.35,0.02,0.62
5725,0.7886146709590505,0.02,0.0,0.41,0.02,0.55
5726,0.7433333333333333,0.03,0.0,0.42,0.03,0.52
5727,0.7383333333333336,0.01,0.0,0.4,0.05,0.54
5728,0.7583333333333333,0.0,0.0,0.39,0.07,0.54
5729,0.756948004292384,0.0,0.0,0.43,0.05,0.52
5730,0.7566666666666666,0.0,0.0,0.46,0.04,0.5
5731,0.7354489296947171,0.01,0.0,0.5,0.04,0.45
5732,0.7666666666666667,0.0,0.0,0.46,0.05,0.49
5733,0.7550000000000001,0.01,0.0,0.38,0.05,0.56
5734,0.7336998544137385,0.01,0.0,0.36,0.05,0.58
5735,0.7815115407828559,0.01,0.0,0.4,0.11,0.48
5736,0.7604447639140206,0.01,0.0,0.34,0.11,0.54
5737,0.8016666666666667,0.01,0.0,0.28,0.17,0.54
5738,0.7916666666666665,0.0,0.0,0.34,0.16,0.5
5739,0.8016666666666669,0.0,0.0,0.36,0.19,0.45
5740,0.785,0.0,0.0,0.33,0.19,0.48
5741,0.7699999999999999,0.0,0.0,0.25,0.21,0.54
5742,0.8133333333333332,0.0,0.0,0.26,0.28,0.46
5743,0.7678264468096403,0.0,0.0,0.26,0.2,0.54
5744,0.7833333333333331,0.01,0.0,0.21,0.3,0.48
5745,0.8016666666666663,0.01,0.0,0.19,0.33,0.47
5746,0.8399999999999999,0.02,0.0,0.12,0.41,0.45
5747,0.8493752714415573,0.02,0.0,0.14,0.42,0.42
5748,0.8433333333333333,0.05,0.0,0.19,0.32,0.44
5749,0.8749999999999996,0.04,0.0,0.21,0.37,0.38
5750,0.8349999999999999,0.04,0.0,0.16,0.45,0.35
5751,0.8716666666666663,0.02,0.0,0.18,0.5,0.3
5752,0.8533333333333333,0.06,0.0,0.17,0.43,0.34
5753,0.8233333333333331,0.07,0.0,0.2,0.41,0.32
5754,0.885,0.14,0.0,0.17,0.41,0.28
5755,0.9033333333333331,0.2,0.0,0.14,0.41,0.25
5756,0.8866045440569943,0.16,0.0,0.14,0.42,0.28
5757,0.9083333333333329,0.14,0.0,0.15,0.54,0.17
5758,0.9266666666666665,0.15,0.0,0.14,0.59,0.12
5759,0.9023848648770334,0.11,0.0,0.15,0.55,0.19
5760,0.9120224257649631,0.12,0.0,0.12,0.54,0.22
5761,0.9108594636405754,0.14,0.0,0.12,0.51,0.23
5762,0.918333333333333,0.13,0.0,0.2,0.51,0.16
5763,0.880165888971107,0.14,0.0,0.22,0.43,0.21
5764,0.918333333333333,0.15,0.0,0.19,0.54,0.12
5765,0.9049999999999998,0.16,0.0,0.12,0.6,0.12
5766,0.9120883259946488,0.17,0.0,0.1,0.54,0.19
5767,0.9254447639140202,0.19,0.0,0.05,0.57,0.19
5768,0.9075783909217273,0.22,0.0,0.02,0.5,0.26
5769,0.9083488497465793,0.16,0.0,0.04,0.58,0.22
5770,0.9451045212289698,0.19,0.0,0.03,0.65,0.13
5771,0.9009639848695454,0.18,0.0,0.08,0.59,0.15
5772,0.8923710044234315,0.17,0.0,0.11,0.57,0.15
5773,0.9371114305806875,0.17,0.0,0.08,0.66,0.09
5774,0.925052260614485,0.12,0.0,0.06,0.67,0.15
5775,0.9464400523382379,0.14,0.0,0.06,0.7,0.1
5776,0.9473710044234316,0.17,0.0,0.05,0.65,0.13
5777,0.9525261303072423,0.17,0.0,0.02,0.68,0.13
5778,0.9316666666666664,0.19,0.0,0.04,0.64,0.13
5779,0.9237780972473536,0.19,0.0,0.06,0.66,0.09
5780,0.9157181982103668,0.18,0.0,0.07,0.64,0.11
5781,0.9144337515874681,0.15,0.0,0.03,0.66,0.16
5782,0.8955299510881882,0.1,0.0,0.09,0.69,0.12
5783,0.9241927969739092,0.14,0.0,0.08,0.67,0.11
5784,0.9190284269576616,0.14,0.0,0.06,0.65,0.15
5785,0.9444731908716824,0.17,0.01,0.05,0.67,0.11
5786,0.9444908548111538,0.12,0.02,0.04,0.74,0.1
5787,0.9608594636405755,0.14,0.03,0.01,0.77,0.08
5788,0.9650024626828037,0.17,0.05,0.01,0.76,0.06
5789,0.9633440964206295,0.13,0.05,0.0,0.79,0.08
5790,0.9554447639140206,0.1,0.04,0.01,0.8,0.09
5791,0.9422468963807203,0.09,0.02,0.0,0.76,0.15
5792,0.9517189272811514,0.07,0.02,0.0,0.78,0.15
5793,0.9550000000000002,0.06,0.02,0.0,0.8,0.14
5794,0.9158594636405755,0.06,0.03,0.0,0.74,0.2
5795,0.928778097247354,0.06,0.02,0.01,0.74,0.19
5796,0.9499999999999998,0.08,0.02,0.0,0.8,0.12
5797,0.9304708942212631,0.11,0.04,0.01,0.76,0.12
5798,0.930597266026409,0.1,0.04,0.01,0.77,0.12
5799,0.6833333333333329,0.06,0.02,0.02,0.83,0.09
5800,0.7002737118712823,0.12,0.06,0.02,0.75,0.11
5801,0.738880757075898,0.13,0.09,0.04,0.72,0.11
5802,0.756361253710696,0.17,0.11,0.03,0.64,0.16
5803,0.7398314429796703,0.17,0.06,0.02,0.63,0.18
5804,0.7502737118712822,0.23,0.09,0.05,0.57,0.15
5805,0.7584701892689745,0.17,0.07,0.07,0.59,0.17
5806,0.786803522602308,0.23,0.12,0.04,0.58,0.15
5807,0.7836070452046157,0.27,0.13,0.02,0.57,0.14
5808,0.8081647763130035,0.31,0.17,0.08,0.42,0.19
5809,0.850410567806923,0.41,0.2,0.16,0.27,0.16
5810,0.8734701892689745,0.46,0.17,0.2,0.22,0.12
5811,0.8683333333333334,0.42,0.14,0.24,0.23,0.11
5812,0.8966666666666668,0.51,0.19,0.24,0.16,0.09
5813,0.9216666666666667,0.54,0.18,0.32,0.08,0.06
5814,0.9299999999999998,0.58,0.2,0.31,0.05,0.06
5815,0.9216666666666665,0.53,0.2,0.34,0.07,0.06
5816,0.9350000000000003,0.49,0.2,0.38,0.08,0.05
5817,0.9300000000000002,0.45,0.24,0.4,0.1,0.05
5818,0.9483333333333336,0.41,0.2,0.49,0.09,0.01
5819,0.9566666666666666,0.38,0.18,0.55,0.03,0.04
5820,0.9228910644417216,0.36,0.13,0.48,0.04,0.12
5821,0.9395577311083884,0.37,0.13,0.5,0.02,0.11
5822,0.9250000000000002,0.25,0.11,0.59,0.03,0.13
5823,0.9333333333333335,0.23,0.13,0.59,0.03,0.15
5824,0.9069082162440316,0.29,0.14,0.56,0.04,0.11
5825,0.9284515576459625,0.16,0.11,0.72,0.06,0.06
5826,0.9366666666666669,0.11,0.08,0.75,0.03,0.11
5827,0.9351182243126295,0.09,0.07,0.75,0.02,0.14
5828,0.9444245226577829,0.13,0.08,0.71,0.01,0.15
5829,0.9260911893244496,0.1,0.05,0.73,0.02,0.15
5830,0.9359729650118203,0.09,0.02,0.71,0.02,0.18
5831,0.9412243977750547,0.09,0.0,0.73,0.06,0.12
5832,0.9378910644417218,0.09,0.01,0.78,0.07,0.06
5833,0.9516666666666667,0.12,0.01,0.78,0.03,0.07
5834,0.9285748829106982,0.11,0.01,0.75,0.05,0.09
5835,0.9483333333333335,0.15,0.02,0.74,0.04,0.07
5836,0.9285748829106986,0.16,0.04,0.73,0.07,0.04
5837,0.9366666666666665,0.14,0.05,0.74,0.06,0.06
5838,0.9345577311083884,0.11,0.01,0.76,0.04,0.09
5839,0.9283333333333336,0.09,0.0,0.8,0.01,0.1
5840,0.93,0.1,0.0,0.8,0.0,0.1
5841,0.9584515576459626,0.11,0.0,0.79,0.0,0.1
5842,0.9334701892689743,0.1,0.0,0.75,0.0,0.15
5843,0.9496945870440292,0.05,0.01,0.81,0.0,0.14
5844,0.9233677803691943,0.06,0.0,0.74,0.0,0.2
5845,0.9140130533169966,0.08,0.01,0.62,0.01,0.29
5846,0.9059189848190846,0.06,0.0,0.68,0.04,0.22
5847,0.9380279203773628,0.1,0.0,0.69,0.04,0.17
5848,0.9075856514857509,0.08,0.0,0.66,0.05,0.21
5849,0.9163612537106962,0.09,0.0,0.65,0.03,0.23
5850,0.9378910644417217,0.08,0.0,0.75,0.01,0.16
5851,0.9595577311083884,0.1,0.0,0.74,0.0,0.16
5852,0.9443705424650471,0.11,0.0,0.72,0.01,0.16
5853,0.9204767159274726,0.06,0.0,0.75,0.03,0.16
5854,0.9428407317340215,0.02,0.0,0.83,0.02,0.13
5855,0.9367011137025275,0.04,0.0,0.79,0.03,0.14
5856,0.9181684237980398,0.03,0.0,0.71,0.04,0.22
5857,0.9369403785379486,0.05,0.0,0.74,0.06,0.15
5858,0.9480279203773628,0.06,0.0,0.82,0.03,0.09
5859,0.9525670198627394,0.09,0.0,0.76,0.01,0.14
5860,0.9512243977750551,0.06,0.0,0.81,0.0,0.13
5861,0.9680279203773626,0.08,0.0,0.83,0.0,0.09
5862,0.9591154622167766,0.05,0.0,0.85,0.0,0.1
5863,0.9438100492608059,0.06,0.0,0.8,0.0,0.14
5864,0.9317011137025274,0.03,0.0,0.76,0.0,0.21
5865,0.9518035226023077,0.05,0.0,0.79,0.0,0.16
5866,0.9183016322486452,0.03,0.0,0.77,0.0,0.2
5867,0.9418035226023076,0.03,0.0,0.82,0.0,0.15
5868,0.9516163339589664,0.08,0.0,0.8,0.0,0.12
5869,0.9366842255638959,0.15,0.0,0.7,0.01,0.14
5870,0.9359003531960726,0.15,0.0,0.67,0.01,0.17
5871,0.9333639616922391,0.16,0.0,0.62,0.04,0.18
5872,0.9053929514118587,0.17,0.0,0.57,0.05,0.21
5873,0.8993631423725965,0.2,0.0,0.57,0.04,0.19
5874,0.9070519679634601,0.2,0.0,0.56,0.08,0.16
5875,0.930354672937888,0.2,0.0,0.63,0.04,0.13
5876,0.9257144468278821,0.17,0.0,0.69,0.04,0.1
5877,0.911921746914937,0.14,0.0,0.67,0.08,0.11
5878,0.9144701351546644,0.18,0.0,0.61,0.05,0.16
5879,0.9039096419504236,0.14,0.0,0.58,0.1,0.18
5880,0.9002364486252588,0.14,0.0,0.58,0.03,0.25
5881,0.915,0.17,0.0,0.61,0.04,0.18
5882,0.9383333333333335,0.13,0.0,0.7,0.06,0.11
5883,0.9448128113566588,0.19,0.0,0.67,0.05,0.09
5884,0.9361368018213311,0.22,0.0,0.59,0.05,0.14
5885,0.9410185775087021,0.19,0.0,0.64,0.05,0.12
5886,0.9403733045608998,0.19,0.0,0.66,0.04,0.11
5887,0.9352550802482704,0.21,0.0,0.65,0.01,0.13
5888,0.9219031152919254,0.21,0.0,0.62,0.01,0.16
5889,0.9316666666666671,0.16,0.0,0.69,0.0,0.15
5890,0.9427968799747911,0.2,0.0,0.65,0.0,0.15
5891,0.9533333333333336,0.23,0.0,0.65,0.01,0.11
5892,0.9545577311083885,0.22,0.0,0.65,0.02,0.11
5893,0.9591154622167766,0.3,0.0,0.58,0.04,0.08
5894,0.9413612537106961,0.28,0.0,0.56,0.03,0.13
5895,0.95744879555011,0.3,0.0,0.57,0.04,0.09
5896,0.9712243977750551,0.34,0.0,0.57,0.04,0.05
5897,0.9504767159274725,0.31,0.0,0.59,0.03,0.07
5898,0.9422616069067686,0.22,0.0,0.68,0.04,0.06
5899,0.5016666666666667,0.15,0.0,0.7,0.03,0.12
5900,0.5600000000000002,0.16,0.0,0.65,0.03,0.16
5901,0.5783333333333334,0.26,0.0,0.56,0.07,0.11
5902,0.6200000000000002,0.35,0.0,0.43,0.1,0.12
5903,0.6466666666666667,0.39,0.0,0.37,0.17,0.07
5904,0.6866666666666669,0.48,0.0,0.22,0.19,0.11
5905,0.6800000000000002,0.56,0.0,0.21,0.18,0.05
5906,0.7216666666666667,0.58,0.0,0.19,0.16,0.07
5907,0.72,0.59,0.0,0.23,0.13,0.05
5908,0.7483333333333334,0.64,0.0,0.19,0.14,0.03
5909,0.7566666666666668,0.63,0.0,0.16,0.17,0.04
5910,0.7666666666666667,0.56,0.0,0.19,0.21,0.04
5911,0.7466666666666668,0.58,0.0,0.24,0.16,0.02
5912,0.7699999999999997,0.58,0.0,0.22,0.17,0.03
5913,0.7599999999999999,0.53,0.0,0.24,0.2,0.03
5914,0.7866666666666666,0.48,0.0,0.24,0.23,0.05
5915,0.7366666666666667,0.49,0.0,0.2,0.21,0.1
5916,0.7966666666666667,0.47,0.0,0.18,0.23,0.12
5917,0.8484402565640471,0.41,0.0,0.17,0.34,0.08
5918,0.8166666666666665,0.38,0.0,0.12,0.41,0.09
5919,0.8449999999999999,0.3,0.0,0.09,0.48,0.13
5920,0.8483333333333333,0.33,0.0,0.1,0.47,0.1
5921,0.8433333333333333,0.35,0.0,0.11,0.49,0.05
5922,0.8567201282820233,0.31,0.0,0.14,0.48,0.07
5923,0.805053461615357,0.3,0.0,0.12,0.46,0.12
5924,0.835053461615357,0.33,0.0,0.11,0.44,0.12
5925,0.845053461615357,0.26,0.0,0.16,0.47,0.11
5926,0.8367201282820237,0.25,0.0,0.11,0.53,0.11
5927,0.8899999999999999,0.32,0.0,0.06,0.54,0.08
5928,0.8649999999999999,0.26,0.0,0.08,0.55,0.11
5929,0.8550000000000001,0.19,0.0,0.07,0.63,0.11
5930,0.8716666666666666,0.16,0.0,0.02,0.66,0.16
5931,0.875,0.13,0.0,0.03,0.74,0.1
5932,0.8550889357719106,0.06,0.0,0.04,0.77,0.13
5933,0.9087780121928875,0.08,0.0,0.02,0.79,0.11
5934,0.9000889357719107,0.07,0.0,0.02,0.79,0.12
5935,0.9100889357719107,0.09,0.0,0.01,0.81,0.09
5936,0.9349999999999997,0.05,0.0,0.0,0.86,0.09
5937,0.8983333333333334,0.09,0.0,0.0,0.77,0.14
5938,0.8937053948655369,0.06,0.0,0.0,0.78,0.16
5939,0.8735112048771547,0.07,0.0,0.01,0.73,0.19
5940,0.8726238617720735,0.06,0.0,0.01,0.74,0.19
5941,0.8721276639707811,0.09,0.0,0.0,0.71,0.2
5942,0.8950265933431675,0.14,0.0,0.02,0.71,0.13
5943,0.8800547965204992,0.23,0.0,0.03,0.58,0.16
5944,0.9059946119355792,0.28,0.0,0.05,0.57,0.1
5945,0.9001778715438217,0.23,0.0,0.06,0.65,0.06
5946,0.9103557430876432,0.28,0.0,0.04,0.63,0.05
5947,0.9041337552805302,0.32,0.0,0.04,0.58,0.06
5948,0.8915071281814322,0.32,0.0,0.01,0.61,0.06
5949,0.9151778715438216,0.25,0.0,0.04,0.64,0.07
5950,0.8889722021812695,0.31,0.0,0.01,0.56,0.12
5951,0.8789742167952959,0.43,0.0,0.01,0.49,0.07
5952,0.8758893577191077,0.47,0.0,0.02,0.45,0.06
5953,0.9080007032453286,0.52,0.0,0.04,0.38,0.06
5954,0.8912451008067509,0.53,0.0,0.1,0.33,0.04
5955,0.8914229723505723,0.51,0.0,0.16,0.29,0.04
5956,0.8842458040520793,0.47,0.0,0.21,0.28,0.04
5957,0.8690679325082579,0.41,0.0,0.17,0.37,0.05
5958,0.883712189420615,0.35,0.0,0.2,0.4,0.05
5959,0.8750231129996383,0.33,0.0,0.18,0.41,0.08
5960,0.893053485151801,0.3,0.0,0.13,0.47,0.1
5961,0.8932313566956224,0.22,0.0,0.13,0.56,0.09
5962,0.8784858560364658,0.24,0.0,0.16,0.44,0.16
5963,0.8790448195086197,0.23,0.0,0.12,0.44,0.21
5964,0.8904446788595537,0.26,0.0,0.13,0.43,0.18
5965,0.8337780121928872,0.33,0.0,0.13,0.26,0.28
5966,0.8326612786022458,0.36,0.0,0.11,0.31,0.22
5967,0.8513148808666685,0.37,0.0,0.08,0.36,0.19
5968,0.8676258044456919,0.38,0.0,0.04,0.4,0.18
5969,0.8910012807248515,0.37,0.0,0.07,0.4,0.16
5970,0.9036536022644225,0.29,0.0,0.04,0.53,0.14
5971,0.8952313331591785,0.28,0.0,0.05,0.52,0.15
5972,0.9392917914034742,0.27,0.0,0.01,0.64,0.08
5973,0.9040611379531801,0.33,0.0,0.0,0.61,0.06
5974,0.9238669479647978,0.25,0.0,0.02,0.66,0.07
5975,0.9153557430876431,0.24,0.0,0.03,0.67,0.06
5976,0.9385112048771547,0.22,0.0,0.03,0.7,0.05
5977,0.9202668073157321,0.23,0.0,0.01,0.7,0.06
5978,0.9218090640539345,0.24,0.0,0.01,0.68,0.07
5979,0.9469869355977562,0.31,0.0,0.01,0.64,0.04
5980,0.9399046900928922,0.36,0.0,0.02,0.57,0.05
5981,0.915498140474911,0.4,0.0,0.02,0.5,0.08
5982,0.9106225504033756,0.35,0.0,0.03,0.54,0.08
5983,0.9086021552630922,0.41,0.0,0.04,0.49,0.06
5984,0.9352668073157321,0.33,0.0,0.0,0.62,0.05
5985,0.9471113455262206,0.26,0.0,0.02,0.67,0.05
5986,0.8896110710292056,0.24,0.0,0.02,0.61,0.13
5987,0.8916666666666667,0.21,0.0,0.02,0.63,0.14
5988,0.8837418583274487,0.19,0.0,0.03,0.61,0.17
5989,0.8984222691052437,0.17,0.0,0.04,0.64,0.15
5990,0.9201778715438216,0.21,0.0,0.03,0.68,0.08
5991,0.9102668073157322,0.2,0.0,0.02,0.7,0.08
5992,0.9111350666492286,0.27,0.0,0.03,0.62,0.08
5993,0.8970224097543099,0.28,0.0,0.07,0.55,0.1
5994,0.9119143902108138,0.31,0.0,0.06,0.54,0.09
5995,0.8859571951054069,0.29,0.0,0.06,0.53,0.12
5996,0.8961350666492285,0.18,0.0,0.04,0.64,0.14
5997,0.8927826495443102,0.17,0.0,0.05,0.65,0.13
5998,0.8860079633341478,0.16,0.0,0.08,0.64,0.12
5999,0.6849999999999997,0.17,0.0,0.07,0.6,0.16
6000,0.6948708427784064,0.14,0.0,0.09,0.57,0.2
6001,0.696537509445073,0.17,0.0,0.07,0.54,0.22
6002,0.7116666666666663,0.2,0.0,0.14,0.43,0.23
6003,0.735,0.18,0.0,0.16,0.39,0.27
6004,0.7449999999999999,0.16,0.0,0.22,0.34,0.28
6005,0.7483333333333332,0.16,0.0,0.3,0.3,0.24
6006,0.7516666666666667,0.14,0.0,0.31,0.3,0.25
6007,0.73,0.07,0.0,0.3,0.36,0.27
6008,0.7516666666666665,0.12,0.0,0.26,0.37,0.25
6009,0.7733333333333331,0.09,0.0,0.38,0.29,0.24
6010,0.7665375094450734,0.05,0.0,0.38,0.31,0.26
6011,0.799870842778407,0.04,0.0,0.43,0.32,0.21
6012,0.8097416855568134,0.02,0.0,0.43,0.29,0.26
6013,0.8480750188901471,0.04,0.0,0.5,0.23,0.23
6014,0.8612791950018872,0.03,0.0,0.56,0.17,0.24
6015,0.9110208805587015,0.06,0.0,0.65,0.14,0.15
6016,0.9505042516723284,0.06,0.0,0.7,0.1,0.14
6017,0.9324292327821813,0.08,0.0,0.67,0.08,0.17
6018,0.9320417611174021,0.03,0.0,0.68,0.05,0.24
6019,0.9284501133408817,0.06,0.0,0.61,0.03,0.3
6020,0.9367834466742151,0.05,0.0,0.62,0.02,0.31
6021,0.9533209561192894,0.06,0.0,0.66,0.01,0.27
6022,0.9637084277840684,0.04,0.0,0.74,0.0,0.22
6023,0.963805103680764,0.04,0.0,0.74,0.0,0.22
6024,0.9622351129107919,0.05,0.0,0.7,0.02,0.23
6025,0.9632884747943911,0.03,0.0,0.72,0.01,0.24
6026,0.9528043272329164,0.02,0.0,0.69,0.01,0.28
6027,0.9444709938995828,0.02,0.0,0.68,0.01,0.29
6028,0.9283209561192892,0.0,0.0,0.69,0.01,0.3
6029,0.9515251322310294,0.01,0.0,0.73,0.01,0.25
6030,0.9403750944507352,0.01,0.0,0.74,0.02,0.23
6031,0.9470417611174018,0.0,0.0,0.75,0.0,0.25
6032,0.9538051036807638,0.01,0.0,0.76,0.01,0.22
6033,0.9338375850056615,0.0,0.0,0.79,0.01,0.2
6034,0.9438375850056617,0.0,0.0,0.78,0.01,0.21
6035,0.9504717703474301,0.01,0.0,0.77,0.0,0.22
6036,0.9539667422272547,0.02,0.0,0.77,0.0,0.21
6037,0.9339667422272546,0.01,0.0,0.71,0.01,0.27
6038,0.9424292327821808,0.02,0.0,0.79,0.01,0.18
6039,0.9421709183389951,0.02,0.0,0.72,0.0,0.26
6040,0.9475583900037744,0.01,0.0,0.77,0.0,0.22
6041,0.9503750944507352,0.01,0.0,0.77,0.0,0.22
6042,0.9830626416761025,0.0,0.0,0.81,0.0,0.19
6043,0.9766542894526222,0.0,0.0,0.81,0.0,0.19
6044,0.9712668177878427,0.0,0.0,0.76,0.0,0.24
6045,0.9649551414610579,0.01,0.0,0.77,0.0,0.22
6046,0.9682559934694933,0.01,0.0,0.72,0.0,0.27
6047,0.9522876983465438,0.01,0.0,0.66,0.0,0.33
6048,0.9340510409099054,0.01,0.0,0.6,0.0,0.39
6049,0.9342768740281941,0.01,0.0,0.58,0.0,0.41
6050,0.9463634936845381,0.01,0.0,0.67,0.0,0.32
6051,0.9462668177878428,0.01,0.0,0.7,0.0,0.29
6052,0.9632884747943911,0.02,0.0,0.71,0.01,0.26
6053,0.9470417611174017,0.02,0.0,0.73,0.01,0.24
6054,0.9541600940206452,0.02,0.0,0.72,0.01,0.25
6055,0.9523642701323856,0.04,0.0,0.68,0.01,0.27
6056,0.9247409174788153,0.03,0.0,0.63,0.01,0.33
6057,0.9394709938995836,0.04,0.0,0.61,0.02,0.33
6058,0.9525259086788763,0.07,0.0,0.69,0.01,0.23
6059,0.9689667422272548,0.04,0.0,0.81,0.01,0.14
6060,0.9650641945717973,0.04,0.0,0.82,0.01,0.13
6061,0.9578167044469608,0.05,0.0,0.79,0.01,0.15
6062,0.9498383614535088,0.01,0.0,0.8,0.04,0.15
6063,0.9661500377802941,0.02,0.0,0.84,0.03,0.11
6064,0.9633008520084355,0.03,0.0,0.88,0.02,0.07
6065,0.9563758708985826,0.01,0.0,0.82,0.03,0.14
6066,0.9411500377802944,0.01,0.0,0.79,0.03,0.17
6067,0.9578167044469607,0.02,0.0,0.84,0.01,0.13
6068,0.9657625661155147,0.03,0.0,0.79,0.01,0.17
6069,0.9557625661155147,0.03,0.0,0.77,0.0,0.2
6070,0.9442250566704411,0.04,0.0,0.74,0.01,0.21
6071,0.9342250566704412,0.06,0.0,0.68,0.03,0.23
6072,0.9308917233371078,0.07,0.0,0.69,0.03,0.21
6073,0.9540958994488481,0.03,0.0,0.79,0.02,0.16
6074,0.952170918338995,0.05,0.0,0.71,0.02,0.22
6075,0.955116780007549,0.03,0.0,0.7,0.02,0.25
6076,0.9599876227859557,0.02,0.0,0.73,0.03,0.22
6077,0.9529334844545099,0.0,0.0,0.7,0.01,0.29
6078,0.9513959750094358,0.0,0.0,0.74,0.0,0.26
6079,0.9502459372291421,0.0,0.0,0.79,0.0,0.21
6080,0.9503750944507354,0.0,0.0,0.79,0.0,0.21
6081,0.9433209561192889,0.0,0.0,0.73,0.0,0.27
6082,0.9499551414610581,0.0,0.0,0.7,0.01,0.29
6083,0.9628043272329165,0.0,0.0,0.74,0.01,0.25
6084,0.9685143079126793,0.0,0.0,0.78,0.0,0.22
6085,0.9651167800075487,0.0,0.0,0.82,0.0,0.18
6086,0.9572675942356902,0.0,0.0,0.79,0.0,0.21
6087,0.9478159363689622,0.02,0.0,0.72,0.0,0.26
6088,0.9471701502609967,0.03,0.0,0.64,0.0,0.33
6089,0.9339984554741544,0.02,0.0,0.68,0.02,0.28
6090,0.9368801225709105,0.02,0.0,0.69,0.01,0.28
6091,0.939470993899583,0.01,0.0,0.66,0.02,0.31
6092,0.9332559934694928,0.0,0.0,0.69,0.01,0.3
6093,0.9297935029145666,0.0,0.0,0.69,0.03,0.28
6094,0.9468476412460127,0.01,0.0,0.71,0.01,0.27
6095,0.924244392703296,0.0,0.0,0.6,0.02,0.38
6096,0.9222993074825897,0.01,0.0,0.66,0.0,0.33
6097,0.9416976118355678,0.01,0.0,0.7,0.0,0.29
6098,0.9415042600421769,0.02,0.0,0.71,0.0,0.27
6099,0.46333333333333343,0.01,0.0,0.64,0.0,0.35
6100,0.49499999999999994,0.01,0.0,0.64,0.0,0.35
6101,0.5016666666666666,0.0,0.0,0.63,0.0,0.37
6102,0.4983333333333334,0.0,0.0,0.55,0.0,0.45
6103,0.5116666666666667,0.0,0.0,0.59,0.0,0.41
6104,0.5176446008568181,0.0,0.0,0.59,0.01,0.4
6105,0.5333333333333333,0.0,0.0,0.55,0.03,0.42
6106,0.5349999999999999,0.0,0.0,0.51,0.06,0.43
6107,0.5381037558411615,0.01,0.0,0.48,0.04,0.47
6108,0.5497704225078283,0.02,0.0,0.41,0.06,0.51
6109,0.5516666666666667,0.01,0.0,0.34,0.07,0.58
6110,0.5749226984249521,0.0,0.0,0.26,0.15,0.59
6111,0.5965893650916186,0.01,0.0,0.19,0.21,0.59
6112,0.6150206812561818,0.01,0.0,0.12,0.27,0.6
6113,0.633395377101879,0.0,0.0,0.1,0.3,0.6
6114,0.6668119385712036,0.0,0.0,0.06,0.43,0.51
6115,0.6741516604157965,0.0,0.0,0.07,0.49,0.44
6116,0.684964060937316,0.0,0.0,0.07,0.57,0.36
6117,0.745,0.0,0.0,0.05,0.65,0.3
6118,0.7492289619908441,0.02,0.0,0.01,0.75,0.22
6119,0.7566873479228488,0.05,0.0,0.01,0.71,0.23
6120,0.733354014589515,0.03,0.0,0.01,0.75,0.21
6121,0.7666873479228482,0.02,0.0,0.02,0.72,0.24
6122,0.747281294018501,0.02,0.0,0.01,0.73,0.24
6123,0.7497911037640101,0.0,0.0,0.0,0.74,0.26
6124,0.755426412372026,0.03,0.0,0.0,0.78,0.19
6125,0.7337390644491775,0.05,0.0,0.0,0.8,0.15
6126,0.743359438039195,0.02,0.0,0.02,0.77,0.19
6127,0.745853886509215,0.02,0.0,0.01,0.79,0.18
6128,0.7341134107346228,0.02,0.0,0.0,0.79,0.19
6129,0.7636346362592602,0.03,0.0,0.0,0.82,0.15
6130,0.7983801192953773,0.08,0.0,0.0,0.79,0.13
6131,0.765599369545332,0.07,0.0,0.0,0.75,0.18
6132,0.7729166026265162,0.04,0.0,0.0,0.81,0.15
6133,0.7866666666666666,0.03,0.0,0.0,0.89,0.08
6134,0.7723191640637426,0.08,0.0,0.0,0.81,0.11
6135,0.7595419067808196,0.05,0.0,0.01,0.76,0.18
6136,0.7561878921913042,0.07,0.0,0.01,0.75,0.17
6137,0.7289686419413494,0.04,0.0,0.0,0.72,0.24
6138,0.7321887346369504,0.05,0.0,0.02,0.79,0.14
6139,0.745599369545332,0.05,0.0,0.02,0.79,0.14
6140,0.7456766711203795,0.04,0.0,0.0,0.75,0.21
6141,0.7606559898641979,0.05,0.0,0.01,0.77,0.17
6142,0.7339327028786654,0.08,0.0,0.01,0.73,0.18
6143,0.718968641941349,0.05,0.0,0.01,0.74,0.2
6144,0.7593901770111183,0.07,0.0,0.0,0.74,0.19
6145,0.7597916499114333,0.05,0.0,0.0,0.73,0.22
6146,0.7783953771018791,0.04,0.0,0.01,0.84,0.11
6147,0.7851034062809096,0.05,0.0,0.0,0.87,0.08
6148,0.778395377101879,0.03,0.0,0.0,0.87,0.1
6149,0.7739947466472114,0.0,0.0,0.0,0.85,0.15
6150,0.7955993695453326,0.01,0.0,0.0,0.94,0.05
6151,0.7588913403663016,0.01,0.0,0.0,0.92,0.07
6152,0.7606146273518339,0.01,0.0,0.01,0.91,0.07
6153,0.7473019752746823,0.02,0.0,0.01,0.86,0.11
6154,0.7833333333333333,0.0,0.0,0.0,0.91,0.09
6155,0.7939686419413493,0.01,0.0,0.0,0.83,0.16
6156,0.7534160583580608,0.01,0.0,0.0,0.82,0.17
6157,0.7417287104352127,0.04,0.0,0.0,0.81,0.15
6158,0.7433746958456973,0.05,0.0,0.01,0.75,0.19
6159,0.7500206812561818,0.03,0.0,0.03,0.72,0.22
6160,0.755041362512364,0.01,0.0,0.0,0.7,0.29
6161,0.7533746958456972,0.02,0.0,0.02,0.71,0.25
6162,0.7417080291790304,0.01,0.0,0.05,0.74,0.2
6163,0.7350206812561818,0.01,0.0,0.03,0.75,0.21
6164,0.753333333333333,0.02,0.0,0.05,0.74,0.19
6165,0.7333540145895153,0.01,0.0,0.07,0.76,0.16
6166,0.7416666666666667,0.0,0.0,0.09,0.76,0.15
6167,0.7783333333333333,0.01,0.0,0.07,0.75,0.17
6168,0.7366666666666668,0.03,0.0,0.08,0.72,0.17
6169,0.7883333333333333,0.05,0.0,0.04,0.79,0.12
6170,0.79,0.1,0.0,0.02,0.78,0.1
6171,0.7861970964641714,0.09,0.0,0.02,0.78,0.11
6172,0.7616666666666666,0.11,0.0,0.05,0.65,0.19
6173,0.7350000000000003,0.06,0.0,0.03,0.72,0.19
6174,0.8133333333333332,0.04,0.0,0.01,0.8,0.15
6175,0.8071060096122232,0.05,0.0,0.0,0.75,0.2
6176,0.815,0.04,0.0,0.01,0.8,0.15
6177,0.8008744671108496,0.02,0.0,0.01,0.82,0.15
6178,0.789151180125317,0.02,0.0,0.01,0.78,0.19
6179,0.833333333333333,0.0,0.0,0.0,0.84,0.16
6180,0.8150206812561818,0.0,0.0,0.0,0.83,0.17
6181,0.81758249628988,0.0,0.0,0.01,0.83,0.16
6182,0.7767287104352124,0.0,0.0,0.01,0.82,0.17
6183,0.8234781249473911,0.01,0.0,0.0,0.8,0.19
6184,0.7967287104352124,0.02,0.0,0.0,0.75,0.23
6185,0.8017287104352124,0.03,0.0,0.0,0.68,0.29
6186,0.7759163099136928,0.01,0.0,0.0,0.81,0.18
6187,0.8300413625123639,0.01,0.0,0.0,0.8,0.19
6188,0.8017287104352124,0.01,0.0,0.0,0.76,0.23
6189,0.8308744671108497,0.03,0.0,0.0,0.79,0.18
6190,0.7920594833839938,0.03,0.0,0.0,0.8,0.17
6191,0.7987261500506604,0.02,0.0,0.0,0.77,0.21
6192,0.8103928167173273,0.01,0.0,0.0,0.8,0.19
6193,0.8367489342216995,0.03,0.0,0.0,0.82,0.15
6194,0.8481037558411615,0.03,0.0,0.0,0.85,0.12
6195,0.8439272794289852,0.02,0.0,0.01,0.91,0.06
6196,0.8333333333333331,0.03,0.0,0.01,0.91,0.05
6197,0.8216666666666665,0.06,0.0,0.0,0.9,0.04
6198,0.8449999999999998,0.11,0.0,0.0,0.78,0.11
6199,0.7016666666666667,0.17,0.0,0.0,0.73,0.1
6200,0.6915653695628187,0.15,0.0,0.0,0.72,0.13
6201,0.7116666666666663,0.14,0.0,0.01,0.68,0.17
6202,0.6998987028961521,0.15,0.0,0.0,0.63,0.22
6203,0.7049999999999996,0.22,0.0,0.01,0.53,0.24
6204,0.7116666666666667,0.29,0.0,0.01,0.45,0.25
6205,0.7149999999999997,0.31,0.0,0.03,0.47,0.19
6206,0.7016666666666667,0.26,0.0,0.06,0.48,0.2
6207,0.7050000000000002,0.31,0.0,0.11,0.45,0.13
6208,0.7066666666666663,0.25,0.0,0.1,0.51,0.14
6209,0.7098987028961521,0.19,0.0,0.1,0.57,0.14
6210,0.7032320362294852,0.14,0.0,0.16,0.57,0.13
6211,0.7162614782512762,0.14,0.0,0.14,0.58,0.14
6212,0.7162614782512758,0.19,0.0,0.13,0.51,0.17
6213,0.7031307391256378,0.19,0.0,0.11,0.41,0.29
6214,0.7031307391256376,0.19,0.0,0.14,0.43,0.24
6215,0.7047974057923045,0.16,0.0,0.14,0.38,0.32
6216,0.704797405792305,0.17,0.0,0.25,0.36,0.22
6217,0.6981307391256378,0.2,0.0,0.34,0.32,0.14
6218,0.7096961086884568,0.18,0.0,0.38,0.3,0.14
6219,0.7146961086884569,0.2,0.0,0.38,0.24,0.18
6220,0.6983333333333331,0.16,0.0,0.4,0.29,0.15
6221,0.7065653695628187,0.11,0.0,0.48,0.25,0.16
6222,0.7251682646825937,0.13,0.0,0.53,0.24,0.1
6223,0.733400300912079,0.11,0.0,0.46,0.28,0.15
6224,0.7234003009120792,0.08,0.0,0.46,0.25,0.21
6225,0.7348643733710503,0.08,0.0,0.52,0.17,0.23
6226,0.719105257706158,0.06,0.0,0.49,0.16,0.29
6227,0.7235015980159268,0.04,0.0,0.6,0.14,0.22
6228,0.7217336342454124,0.05,0.0,0.53,0.2,0.22
6229,0.7094591849556596,0.02,0.0,0.55,0.17,0.26
6230,0.7166993047203107,0.03,0.0,0.54,0.16,0.27
6231,0.7033659713869774,0.04,0.0,0.58,0.12,0.26
6232,0.7101339351574915,0.03,0.0,0.64,0.11,0.22
6233,0.7028676072157001,0.04,0.0,0.59,0.14,0.23
6234,0.6997974057923042,0.05,0.0,0.48,0.14,0.33
6235,0.6965653695628184,0.05,0.0,0.47,0.13,0.35
6236,0.695168264682593,0.01,0.0,0.46,0.14,0.39
6237,0.7065653695628187,0.01,0.0,0.45,0.1,0.44
6238,0.7066666666666666,0.0,0.0,0.42,0.15,0.43
6239,0.6949999999999996,0.0,0.0,0.39,0.15,0.46
6240,0.7116666666666669,0.0,0.0,0.39,0.14,0.47
6241,0.7196699005113161,0.0,0.0,0.29,0.16,0.55
6242,0.7049999999999997,0.0,0.0,0.25,0.14,0.61
6243,0.705,0.0,0.0,0.25,0.21,0.54
6244,0.7049999999999994,0.0,0.0,0.26,0.26,0.48
6245,0.7116666666666666,0.0,0.0,0.17,0.27,0.56
6246,0.7149999999999995,0.0,0.0,0.15,0.19,0.66
6247,0.7199999999999995,0.0,0.0,0.12,0.19,0.69
6248,0.7350000000000001,0.0,0.0,0.13,0.18,0.69
6249,0.7383333333333333,0.0,0.0,0.08,0.11,0.81
6250,0.735,0.0,0.0,0.09,0.07,0.84
6251,0.74,0.0,0.0,0.1,0.06,0.84
6252,0.7415653695628189,0.0,0.0,0.14,0.05,0.81
6253,0.7566666666666663,0.0,0.0,0.12,0.03,0.85
6254,0.7482320362294855,0.0,0.0,0.09,0.03,0.88
6255,0.7365653695628191,0.0,0.0,0.11,0.02,0.87
6256,0.7481307391256381,0.0,0.0,0.06,0.03,0.91
6257,0.7598987028961524,0.0,0.0,0.07,0.04,0.89
6258,0.7498987028961521,0.0,0.0,0.03,0.03,0.94
6259,0.7366666666666666,0.0,0.0,0.01,0.05,0.94
6260,0.7433333333333333,0.0,0.0,0.01,0.03,0.96
6261,0.7416666666666671,0.0,0.0,0.0,0.04,0.96
6262,0.7716666666666673,0.0,0.0,0.0,0.03,0.97
6263,0.7549999999999997,0.0,0.0,0.01,0.05,0.94
6264,0.7583333333333332,0.0,0.0,0.01,0.03,0.96
6265,0.7433333333333334,0.0,0.0,0.01,0.06,0.93
6266,0.761666666666667,0.0,0.0,0.02,0.09,0.89
6267,0.7383333333333333,0.0,0.0,0.03,0.11,0.86
6268,0.7616666666666664,0.0,0.0,0.02,0.12,0.86
6269,0.7649999999999996,0.0,0.0,0.03,0.05,0.92
6270,0.7883333333333334,0.0,0.0,0.06,0.03,0.91
6271,0.7783333333333335,0.0,0.0,0.06,0.05,0.89
6272,0.7699999999999999,0.0,0.0,0.11,0.06,0.83
6273,0.7716666666666667,0.0,0.0,0.09,0.08,0.83
6274,0.796666666666667,0.0,0.0,0.12,0.11,0.77
6275,0.7866666666666664,0.0,0.0,0.15,0.18,0.67
6276,0.7833333333333335,0.0,0.0,0.15,0.19,0.66
6277,0.7701682646825937,0.01,0.0,0.12,0.14,0.73
6278,0.7988381273811136,0.01,0.0,0.18,0.16,0.65
6279,0.7856730587303743,0.01,0.0,0.23,0.09,0.67
6280,0.7976762547622274,0.0,0.0,0.29,0.08,0.63
6281,0.7926762547622279,0.0,0.0,0.29,0.04,0.67
6282,0.7780127841274151,0.0,0.0,0.2,0.02,0.78
6283,0.7856890388896427,0.01,0.0,0.2,0.02,0.77
6284,0.796086379303015,0.0,0.0,0.21,0.01,0.78
6285,0.7971874408737156,0.0,0.0,0.26,0.01,0.73
6286,0.8080127841274147,0.0,0.0,0.31,0.02,0.67
6287,0.7990223722229757,0.0,0.0,0.32,0.01,0.67
6288,0.8078604996040901,0.0,0.0,0.31,0.0,0.69
6289,0.8071874408737162,0.0,0.0,0.27,0.0,0.73
6290,0.825520774207049,0.0,0.0,0.35,0.0,0.65
6291,0.8251842448418621,0.0,0.0,0.33,0.0,0.67
6292,0.8350159801592683,0.0,0.0,0.32,0.0,0.68
6293,0.8315143821433417,0.0,0.0,0.35,0.01,0.64
6294,0.843012784127415,0.0,0.0,0.38,0.01,0.61
6295,0.8623397253970407,0.0,0.0,0.39,0.0,0.61
6296,0.870841323412967,0.01,0.0,0.37,0.0,0.62
6297,0.8755047940477801,0.01,0.0,0.52,0.0,0.47
6298,0.9121714607144473,0.01,0.0,0.6,0.01,0.38
6299,0.4916666666666665,0.0,0.0,0.66,0.01,0.33
6300,0.495,0.0,0.0,0.71,0.03,0.26
6301,0.5426766619297999,0.0,0.0,0.68,0.06,0.26
6302,0.6016034859840041,0.0,0.0,0.54,0.14,0.32
6303,0.6456653207801583,0.0,0.0,0.45,0.2,0.35
6304,0.6929668051067379,0.0,0.0,0.4,0.26,0.34
6305,0.7327266382454672,0.0,0.0,0.37,0.31,0.32
6306,0.7433833096490006,0.01,0.0,0.33,0.36,0.3
6307,0.7973733143858671,0.0,0.0,0.29,0.46,0.25
6308,0.831675316043292,0.0,0.0,0.23,0.54,0.23
6309,0.8523733143858669,0.0,0.0,0.17,0.63,0.2
6310,0.8673733143858671,0.0,0.0,0.14,0.73,0.13
6311,0.8933833096490004,0.0,0.0,0.14,0.72,0.14
6312,0.887373314385867,0.0,0.0,0.11,0.76,0.13
6313,0.9203533238596,0.0,0.0,0.08,0.81,0.11
6314,0.9036234765102715,0.0,0.0,0.07,0.75,0.18
6315,0.9133201289663379,0.01,0.0,0.09,0.71,0.19
6316,0.9072056260815005,0.01,0.0,0.09,0.71,0.19
6317,0.9340399810525335,0.02,0.0,0.07,0.76,0.15
6318,0.933270152650671,0.02,0.0,0.03,0.77,0.18
6319,0.9426134812471376,0.03,0.0,0.04,0.8,0.13
6320,0.9469568098436045,0.09,0.0,0.04,0.76,0.11
6321,0.9466034859840042,0.13,0.0,0.04,0.71,0.12
6322,0.9501769861786086,0.14,0.0,0.02,0.73,0.11
6323,0.9443433285964669,0.09,0.0,0.01,0.78,0.12
6324,0.9661869814417418,0.08,0.0,0.02,0.82,0.08
6325,0.9522601573875378,0.09,0.0,0.01,0.78,0.12
6326,0.9175003242488082,0.13,0.0,0.01,0.68,0.18
6327,0.9555934907208709,0.12,0.0,0.01,0.73,0.14
6328,0.9411869814417418,0.14,0.0,0.04,0.71,0.11
6329,0.9211238007590795,0.23,0.0,0.03,0.57,0.17
6330,0.9355303100382086,0.21,0.0,0.02,0.6,0.17
6331,0.9449368193173376,0.2,0.0,0.01,0.65,0.14
6332,0.924166990915475,0.15,0.0,0.01,0.67,0.17
6333,0.9440624832937711,0.13,0.0,0.02,0.7,0.15
6334,0.9122067893597062,0.12,0.0,0.04,0.67,0.17
6335,0.9229853879497454,0.1,0.0,0.06,0.71,0.13
6336,0.944895492378296,0.1,0.0,0.05,0.74,0.11
6337,0.9331280700533682,0.13,0.0,0.02,0.73,0.12
6338,0.9368779079289642,0.12,0.0,0.02,0.76,0.1
6339,0.942340524438152,0.09,0.0,0.0,0.74,0.17
6340,0.9350000000000002,0.08,0.0,0.0,0.79,0.13
6341,0.9349368193173376,0.08,0.0,0.02,0.8,0.1
6342,0.9336866571929336,0.04,0.0,0.01,0.86,0.09
6343,0.9503119969205583,0.03,0.0,0.0,0.87,0.1
6344,0.9283333333333335,0.02,0.0,0.0,0.83,0.15
6345,0.9083333333333334,0.03,0.0,0.0,0.81,0.16
6346,0.914166990915475,0.04,0.0,0.0,0.82,0.14
6347,0.9166666666666669,0.03,0.0,0.0,0.8,0.17
6348,0.9376766619298,0.0,0.0,0.0,0.84,0.16
6349,0.9276766619298001,0.01,0.0,0.0,0.82,0.17
6350,0.9246084466730322,0.01,0.0,0.0,0.77,0.22
6351,0.9259912047782579,0.04,0.0,0.0,0.77,0.19
6352,0.9064271483030129,0.04,0.0,0.0,0.74,0.22
6353,0.9087504863732128,0.03,0.0,0.0,0.73,0.24
6354,0.9135103195119417,0.08,0.0,0.0,0.71,0.21
6355,0.91,0.1,0.0,0.0,0.72,0.18
6356,0.9072601573875376,0.09,0.0,0.02,0.72,0.17
6357,0.9041669909154751,0.05,0.0,0.01,0.81,0.13
6358,0.9016666666666666,0.02,0.0,0.02,0.82,0.14
6359,0.8976766619298,0.01,0.0,0.02,0.85,0.12
6360,0.9239268240542045,0.01,0.0,0.01,0.86,0.12
6361,0.9446334717734046,0.01,0.0,0.02,0.86,0.11
6362,0.9196334717734048,0.01,0.0,0.0,0.82,0.17
6363,0.9104033001752668,0.01,0.0,0.0,0.77,0.22
6364,0.9254718593339419,0.02,0.0,0.0,0.8,0.18
6365,0.947196976704875,0.02,0.0,0.0,0.83,0.15
6366,0.9500053784760125,0.06,0.0,0.0,0.82,0.12
6367,0.9408336575821419,0.05,0.0,0.01,0.81,0.13
6368,0.9493433285964669,0.05,0.0,0.01,0.84,0.1
6369,0.9336453302538915,0.04,0.0,0.0,0.82,0.14
6370,0.9389986541134918,0.03,0.0,0.0,0.83,0.14
6371,0.9574088273484103,0.02,0.0,0.0,0.89,0.09
6372,0.933030634287017,0.01,0.0,0.0,0.86,0.13
6373,0.9365409537989586,0.0,0.0,0.01,0.86,0.13
6374,0.9202907916745547,0.0,0.0,0.01,0.8,0.19
6375,0.9176641060604217,0.0,0.0,0.01,0.83,0.16
6376,0.9273107822008215,0.01,0.0,0.0,0.81,0.18
6377,0.9268123064910214,0.01,0.0,0.0,0.84,0.15
6378,0.9076641060604218,0.0,0.0,0.0,0.81,0.19
6379,0.9161737770747465,0.0,0.0,0.0,0.81,0.19
6380,0.9220706153395504,0.01,0.0,0.0,0.78,0.21
6381,0.8908204532151466,0.03,0.0,0.0,0.69,0.28
6382,0.9158204532151464,0.04,0.0,0.0,0.73,0.23
6383,0.948270152650671,0.06,0.0,0.0,0.77,0.17
6384,0.9388004626888796,0.07,0.0,0.01,0.77,0.15
6385,0.957373314385867,0.09,0.0,0.01,0.78,0.12
6386,0.9385103195119419,0.14,0.0,0.02,0.68,0.16
6387,0.9286866571929333,0.06,0.0,0.01,0.74,0.19
6388,0.9235189688885669,0.04,0.0,0.02,0.7,0.24
6389,0.9335103195119416,0.07,0.0,0.01,0.7,0.22
6390,0.9545834954577376,0.09,0.0,0.01,0.76,0.14
6391,0.9337504863732126,0.1,0.0,0.05,0.68,0.17
6392,0.9355934907208706,0.14,0.0,0.07,0.62,0.17
6393,0.9579853879497455,0.15,0.0,0.04,0.68,0.13
6394,0.9533333333333335,0.11,0.0,0.03,0.7,0.16
6395,0.9466666666666669,0.09,0.0,0.02,0.69,0.2
6396,0.9399999999999998,0.09,0.0,0.02,0.7,0.19
6397,0.931250162124404,0.11,0.0,0.03,0.69,0.17
6398,0.942916828791071,0.09,0.0,0.02,0.74,0.15
6399,0.6816666666666664,0.05,0.0,0.02,0.73,0.2
6400,0.6799999999999997,0.1,0.0,0.01,0.7,0.19
6401,0.6866666666666663,0.08,0.0,0.0,0.68,0.24
6402,0.6866666666666664,0.08,0.0,0.0,0.66,0.26
6403,0.6999999999999994,0.11,0.0,0.0,0.58,0.31
6404,0.717894667066925,0.1,0.0,0.02,0.49,0.39
6405,0.7093992033705833,0.08,0.0,0.05,0.46,0.41
6406,0.7374560008005168,0.12,0.0,0.05,0.41,0.42
6407,0.7449999999999997,0.13,0.0,0.04,0.36,0.47
6408,0.7612280004002581,0.11,0.0,0.07,0.33,0.49
6409,0.742017334534108,0.15,0.0,0.09,0.33,0.43
6410,0.7551885375044342,0.08,0.0,0.15,0.27,0.5
6411,0.7553506678674409,0.06,0.0,0.1,0.32,0.52
6412,0.7474949914453053,0.07,0.0,0.15,0.28,0.5
6413,0.7633690838466027,0.08,0.0,0.13,0.22,0.57
6414,0.7656842268577958,0.07,0.0,0.14,0.16,0.63
6415,0.7952626694684746,0.14,0.0,0.16,0.09,0.61
6416,0.8072058720385422,0.12,0.0,0.19,0.08,0.61
6417,0.8210168622830722,0.11,0.0,0.21,0.11,0.57
6418,0.8339466706692495,0.18,0.0,0.25,0.09,0.48
6419,0.8733458740398329,0.31,0.0,0.23,0.06,0.4
6420,0.8795600080051651,0.26,0.0,0.26,0.07,0.41
6421,0.9120160088056817,0.33,0.0,0.3,0.1,0.27
6422,0.9135946770733816,0.34,0.0,0.37,0.09,0.2
6423,0.9240333433397899,0.35,0.0,0.46,0.06,0.13
6424,0.9373666766731233,0.38,0.0,0.41,0.01,0.2
6425,0.9179737981065195,0.35,0.0,0.39,0.07,0.19
6426,0.9003418005080687,0.31,0.0,0.41,0.07,0.21
6427,0.914025801708844,0.41,0.0,0.32,0.03,0.24
6428,0.9287693481428891,0.4,0.0,0.35,0.01,0.24
6429,0.9171906798751895,0.34,0.0,0.43,0.02,0.21
6430,0.9263133473423728,0.3,0.0,0.53,0.01,0.16
6431,0.9312191330408861,0.38,0.0,0.45,0.01,0.16
6432,0.9257880084054237,0.43,0.0,0.39,0.03,0.15
6433,0.9328053429395318,0.44,0.0,0.44,0.02,0.1
6434,0.941489344140307,0.4,0.0,0.5,0.04,0.06
6435,0.9401733453410813,0.39,0.0,0.53,0.02,0.06
6436,0.9496466806757065,0.4,0.0,0.53,0.03,0.04
6437,0.9368400120077481,0.37,0.0,0.57,0.02,0.04
6438,0.9187706738713156,0.3,0.0,0.59,0.06,0.05
6439,0.9092093401377241,0.26,0.0,0.62,0.09,0.03
6440,0.9211386762728649,0.36,0.0,0.55,0.06,0.03
6441,0.9152613437400481,0.3,0.01,0.63,0.03,0.04
6442,0.9171670705039142,0.31,0.0,0.59,0.02,0.08
6443,0.9156120116074896,0.19,0.0,0.72,0.04,0.05
6444,0.9254360148095563,0.14,0.0,0.78,0.01,0.07
6445,0.9269280104067152,0.1,0.0,0.8,0.0,0.1
6446,0.937717344540565,0.09,0.0,0.82,0.0,0.09
6447,0.9246530054796862,0.07,0.0,0.85,0.0,0.08
6448,0.9208746810759644,0.06,0.0,0.85,0.0,0.09
6449,0.9266640152098142,0.08,0.0,0.84,0.0,0.08
6450,0.9508746810759642,0.09,0.0,0.86,0.0,0.05
6451,0.9246466806757064,0.11,0.0,0.79,0.01,0.09
6452,0.9405240132085231,0.13,0.0,0.75,0.03,0.09
6453,0.932102681476223,0.09,0.0,0.82,0.03,0.06
6454,0.9521906798751892,0.11,0.0,0.82,0.02,0.05
6455,0.9422786782741568,0.11,0.0,0.77,0.01,0.11
6456,0.9492724034369889,0.1,0.0,0.81,0.0,0.09
6457,0.952016008805682,0.09,0.0,0.83,0.01,0.07
6458,0.947717344540565,0.1,0.0,0.79,0.04,0.07
6459,0.9557000100064569,0.1,0.0,0.81,0.04,0.05
6460,0.9628053429395319,0.12,0.0,0.81,0.03,0.04
6461,0.9511386762728655,0.09,0.0,0.83,0.03,0.05
6462,0.9620160088056818,0.05,0.0,0.86,0.02,0.07
6463,0.9576306718700244,0.07,0.0,0.85,0.01,0.07
6464,0.9517533393372075,0.09,0.0,0.84,0.02,0.05
6465,0.9606133373359163,0.11,0.0,0.84,0.0,0.05
6466,0.9705253389369493,0.14,0.0,0.82,0.02,0.02
6467,0.9711400020012914,0.16,0.0,0.78,0.01,0.05
6468,0.9581573365353995,0.18,0.0,0.75,0.02,0.05
6469,0.9393853369356578,0.21,0.0,0.67,0.03,0.09
6470,0.9473680024015496,0.2,0.0,0.64,0.03,0.13
6471,0.9651746710695076,0.23,0.0,0.67,0.05,0.05
6472,0.9611400020012916,0.29,0.0,0.61,0.04,0.06
6473,0.9582453349343665,0.19,0.0,0.69,0.06,0.06
6474,0.9566666666666669,0.15,0.0,0.75,0.06,0.04
6475,0.9600000000000002,0.14,0.0,0.75,0.05,0.06
6476,0.9612280004002584,0.15,0.0,0.78,0.03,0.04
6477,0.9604744167796778,0.14,0.0,0.77,0.03,0.06
6478,0.9566666666666667,0.15,0.0,0.74,0.02,0.09
6479,0.9662280004002582,0.16,0.0,0.77,0.02,0.05
6480,0.9566666666666667,0.2,0.0,0.71,0.03,0.06
6481,0.958596002801808,0.13,0.0,0.78,0.03,0.06
6482,0.957017334534108,0.11,0.0,0.78,0.03,0.08
6483,0.9507893341338501,0.14,0.0,0.75,0.01,0.1
6484,0.9428946670669249,0.13,0.0,0.76,0.0,0.11
6485,0.9312280004002583,0.11,0.0,0.74,0.01,0.14
6486,0.927894667066925,0.1,0.0,0.73,0.02,0.15
6487,0.9383333333333331,0.11,0.0,0.76,0.03,0.1
6488,0.9495613337335915,0.09,0.0,0.81,0.02,0.08
6489,0.9578946670669248,0.13,0.0,0.78,0.01,0.08
6490,0.9366666666666669,0.13,0.0,0.75,0.02,0.1
6491,0.9642208243719853,0.09,0.0,0.83,0.0,0.08
6492,0.9608874910386516,0.03,0.0,0.87,0.0,0.1
6493,0.9803506678674415,0.03,0.0,0.91,0.0,0.06
6494,0.9624560008005163,0.04,0.0,0.85,0.01,0.1
6495,0.9528946670669249,0.02,0.0,0.85,0.01,0.12
6496,0.9633333333333334,0.02,0.0,0.88,0.0,0.1
6497,0.9549120016010331,0.02,0.0,0.85,0.0,0.13
6498,0.9520173345341081,0.02,0.0,0.83,0.0,0.15
6499,0.4933333333333333,0.04,0.0,0.85,0.0,0.11
6500,0.5049999999999999,0.04,0.0,0.82,0.0,0.14
6501,0.5215771607879094,0.03,0.0,0.86,0.0,0.11
6502,0.5316666666666665,0.02,0.0,0.83,0.0,0.15
6503,0.5466666666666665,0.02,0.0,0.82,0.0,0.16
6504,0.5566666666666668,0.03,0.0,0.82,0.0,0.15
6505,0.5399999999999999,0.02,0.0,0.76,0.0,0.22
6506,0.5566666666666665,0.02,0.0,0.79,0.0,0.19
6507,0.5516903678167008,0.0,0.0,0.79,0.0,0.21
6508,0.5416903678167009,0.0,0.0,0.78,0.0,0.22
6509,0.5683333333333332,0.02,0.0,0.69,0.0,0.29
6510,0.5633333333333331,0.0,0.0,0.7,0.0,0.3
6511,0.5783570344833675,0.0,0.0,0.53,0.0,0.47
6512,0.5933333333333333,0.0,0.0,0.5,0.01,0.49
6513,0.5866666666666663,0.0,0.0,0.49,0.01,0.5
6514,0.5933333333333333,0.0,0.0,0.53,0.01,0.46
6515,0.6100237011500341,0.0,0.0,0.46,0.03,0.51
6516,0.6450000000000001,0.02,0.0,0.46,0.02,0.5
6517,0.6633570344833672,0.01,0.0,0.34,0.01,0.64
6518,0.6800474023000684,0.01,0.0,0.28,0.0,0.71
6519,0.7116666666666671,0.0,0.0,0.17,0.0,0.83
6520,0.701666666666667,0.0,0.0,0.24,0.0,0.76
6521,0.7033570344833681,0.0,0.0,0.21,0.0,0.79
6522,0.7100000000000002,0.0,0.0,0.24,0.0,0.76
6523,0.6999999999999998,0.0,0.0,0.21,0.01,0.78
6524,0.7283333333333333,0.0,0.0,0.17,0.02,0.81
6525,0.7216666666666667,0.0,0.0,0.1,0.0,0.9
6526,0.7400237011500341,0.0,0.0,0.11,0.0,0.89
6527,0.7383570344833678,0.0,0.0,0.05,0.0,0.95
6528,0.7333333333333333,0.0,0.0,0.05,0.0,0.95
6529,0.7400000000000001,0.0,0.0,0.01,0.0,0.99
6530,0.7449999999999999,0.0,0.0,0.01,0.0,0.99
6531,0.7466666666666667,0.0,0.0,0.01,0.02,0.97
6532,0.7466666666666667,0.0,0.0,0.02,0.01,0.97
6533,0.7633333333333334,0.0,0.0,0.01,0.02,0.97
6534,0.7633333333333334,0.0,0.0,0.01,0.02,0.97
6535,0.7516666666666668,0.0,0.0,0.02,0.01,0.97
6536,0.7783333333333334,0.0,0.0,0.02,0.0,0.98
6537,0.7483570344833679,0.0,0.0,0.04,0.01,0.95
6538,0.7783333333333334,0.0,0.0,0.03,0.02,0.95
6539,0.765,0.0,0.0,0.04,0.02,0.94
6540,0.7766666666666666,0.01,0.0,0.03,0.03,0.93
6541,0.7433333333333336,0.01,0.0,0.03,0.02,0.94
6542,0.7666666666666667,0.0,0.0,0.04,0.02,0.94
6543,0.7926038335245257,0.0,0.0,0.03,0.03,0.94
6544,0.7616666666666666,0.0,0.0,0.02,0.03,0.95
6545,0.7633570344833676,0.0,0.0,0.03,0.03,0.94
6546,0.728380735633402,0.0,0.0,0.04,0.05,0.91
6547,0.7683570344833679,0.0,0.0,0.04,0.02,0.94
6548,0.7766666666666668,0.0,0.0,0.03,0.04,0.93
6549,0.7849999999999998,0.0,0.0,0.02,0.03,0.95
6550,0.7750237011500342,0.0,0.0,0.01,0.02,0.97
6551,0.7733570344833675,0.0,0.0,0.04,0.01,0.95
6552,0.7633570344833678,0.0,0.0,0.03,0.0,0.97
6553,0.7450237011500342,0.0,0.0,0.05,0.0,0.95
6554,0.7466666666666667,0.0,0.0,0.03,0.01,0.96
6555,0.7516666666666668,0.0,0.0,0.01,0.02,0.97
6556,0.7416666666666667,0.0,0.0,0.01,0.01,0.98
6557,0.7383333333333334,0.0,0.0,0.01,0.02,0.97
6558,0.7683333333333334,0.0,0.0,0.01,0.0,0.99
6559,0.7683333333333333,0.0,0.0,0.02,0.01,0.97
6560,0.7816666666666664,0.0,0.0,0.04,0.0,0.96
6561,0.7733333333333331,0.0,0.0,0.02,0.0,0.98
6562,0.7633333333333333,0.0,0.0,0.03,0.0,0.97
6563,0.7866666666666666,0.0,0.0,0.03,0.0,0.97
6564,0.7616666666666667,0.0,0.0,0.02,0.0,0.98
6565,0.7666666666666668,0.0,0.0,0.03,0.0,0.97
6566,0.7483333333333335,0.0,0.0,0.02,0.0,0.98
6567,0.7683333333333333,0.0,0.0,0.01,0.0,0.99
6568,0.7983333333333331,0.0,0.0,0.0,0.0,1.0
6569,0.7899999999999998,0.0,0.0,0.0,0.0,1.0
6570,0.7833333333333333,0.0,0.0,0.0,0.0,1.0
6571,0.7883333333333333,0.0,0.0,0.01,0.0,0.99
6572,0.7716666666666666,0.0,0.0,0.01,0.0,0.99
6573,0.7916666666666664,0.0,0.0,0.01,0.0,0.99
6574,0.7616666666666667,0.0,0.0,0.0,0.0,1.0
6575,0.7583333333333335,0.0,0.0,0.01,0.0,0.99
6576,0.7683333333333333,0.0,0.0,0.01,0.0,0.99
6577,0.7733333333333334,0.0,0.0,0.02,0.0,0.98
6578,0.7733333333333333,0.0,0.0,0.01,0.01,0.98
6579,0.7783333333333331,0.0,0.0,0.02,0.01,0.97
6580,0.7783333333333331,0.0,0.0,0.02,0.01,0.97
6581,0.7800000000000001,0.0,0.0,0.02,0.01,0.97
6582,0.7833333333333331,0.0,0.0,0.03,0.02,0.95
6583,0.7899999999999998,0.0,0.0,0.01,0.01,0.98
6584,0.7966666666666665,0.0,0.0,0.03,0.0,0.97
6585,0.7916666666666667,0.0,0.0,0.02,0.0,0.98
6586,0.7766666666666666,0.0,0.0,0.05,0.0,0.95
6587,0.7866903678167009,0.0,0.0,0.06,0.01,0.93
6588,0.7949999999999997,0.0,0.0,0.06,0.01,0.93
6589,0.7916666666666664,0.0,0.0,0.11,0.02,0.87
6590,0.7616903678167012,0.0,0.0,0.05,0.01,0.94
6591,0.7750237011500342,0.0,0.0,0.05,0.04,0.91
6592,0.7950237011500342,0.0,0.0,0.01,0.01,0.98
6593,0.8049999999999997,0.0,0.0,0.0,0.0,1.0
6594,0.805023701150034,0.0,0.0,0.0,0.0,1.0
6595,0.796714068966735,0.0,0.0,0.01,0.0,0.99
6596,0.7700474023000684,0.0,0.0,0.0,0.0,1.0
6597,0.7900474023000682,0.0,0.0,0.0,0.0,1.0
6598,0.7883333333333333,0.0,0.0,0.0,0.0,1.0
6599,0.7183333333333332,0.0,0.0,0.01,0.0,0.99
6600,0.7266666666666667,0.0,0.0,0.03,0.0,0.97
6601,0.7466666666666667,0.0,0.0,0.06,0.0,0.94
6602,0.7610052758306921,0.0,0.0,0.09,0.0,0.91
6603,0.7561278139870669,0.0,0.0,0.04,0.0,0.96
6604,0.7599999999999995,0.0,0.0,0.06,0.01,0.93
6605,0.7616666666666668,0.0,0.0,0.08,0.0,0.92
6606,0.7750000000000001,0.0,0.0,0.08,0.0,0.92
6607,0.7816666666666664,0.0,0.0,0.09,0.01,0.9
6608,0.7880117838700542,0.0,0.0,0.07,0.03,0.9
6609,0.791333827237618,0.0,0.0,0.13,0.03,0.84
6610,0.8016666666666667,0.0,0.0,0.14,0.0,0.86
6611,0.7910052758306915,0.0,0.0,0.12,0.01,0.87
6612,0.7820065080393622,0.0,0.0,0.1,0.01,0.89
6613,0.7763451172033874,0.0,0.0,0.12,0.0,0.88
6614,0.8110052758306915,0.0,0.0,0.16,0.0,0.84
6615,0.8036772183280501,0.0,0.0,0.19,0.0,0.81
6616,0.8073237694805196,0.0,0.0,0.19,0.0,0.81
6617,0.8013338272376183,0.01,0.0,0.21,0.0,0.78
6618,0.7934669170553761,0.0,0.0,0.21,0.0,0.79
6619,0.7885730453152324,0.0,0.0,0.2,0.0,0.8
6620,0.7830341926356327,0.0,0.0,0.17,0.0,0.83
6621,0.7917856200374824,0.0,0.0,0.23,0.0,0.77
6622,0.8096846189805815,0.0,0.0,0.26,0.0,0.74
6623,0.8226704825336387,0.0,0.0,0.27,0.01,0.72
6624,0.8321243549754922,0.0,0.0,0.27,0.01,0.72
6625,0.8217424306260591,0.0,0.0,0.29,0.01,0.7
6626,0.8316813890781931,0.0,0.0,0.25,0.01,0.74
6627,0.8764364823402444,0.0,0.0,0.41,0.0,0.59
6628,0.8925313008325253,0.0,0.0,0.42,0.0,0.58
6629,0.9136414724806261,0.0,0.0,0.54,0.0,0.46
6630,0.9194558946178781,0.0,0.0,0.59,0.0,0.41
6631,0.9216637467392276,0.0,0.0,0.64,0.01,0.35
6632,0.9278084668203764,0.0,0.0,0.63,0.0,0.37
6633,0.9455186243493026,0.0,0.0,0.71,0.0,0.29
6634,0.9217522697948375,0.0,0.0,0.73,0.0,0.27
6635,0.9202564092084947,0.02,0.0,0.66,0.0,0.32
6636,0.9235981796933588,0.03,0.0,0.74,0.0,0.23
6637,0.9446318034676583,0.04,0.0,0.76,0.0,0.2
6638,0.9445686298080763,0.03,0.0,0.8,0.0,0.17
6639,0.9110028696086616,0.04,0.0,0.78,0.0,0.18
6640,0.9212116533913545,0.05,0.0,0.77,0.0,0.18
6641,0.9214568606773128,0.01,0.0,0.72,0.0,0.27
6642,0.9125845246576083,0.03,0.0,0.74,0.0,0.23
6643,0.9102631118282855,0.02,0.0,0.7,0.0,0.28
6644,0.9173597439547225,0.03,0.0,0.74,0.0,0.23
6645,0.9411941502531849,0.05,0.0,0.77,0.0,0.18
6646,0.9198958269871831,0.04,0.0,0.74,0.01,0.21
6647,0.8970473564693965,0.07,0.0,0.67,0.0,0.26
6648,0.9117519213061347,0.07,0.0,0.75,0.0,0.18
6649,0.9239904361471863,0.06,0.0,0.82,0.0,0.12
6650,0.9278730136444464,0.02,0.0,0.86,0.0,0.12
6651,0.945,0.02,0.0,0.91,0.0,0.07
6652,0.9519952180735932,0.03,0.0,0.89,0.0,0.08
6653,0.9373237694805195,0.04,0.0,0.87,0.0,0.09
6654,0.9153285514069265,0.03,0.0,0.83,0.0,0.14
6655,0.9042111289041865,0.0,0.0,0.88,0.0,0.12
6656,0.9466666666666668,0.0,0.0,0.91,0.0,0.09
6657,0.9169952180735933,0.02,0.0,0.86,0.0,0.12
6658,0.8966666666666672,0.01,0.0,0.82,0.0,0.17
6659,0.8917555911417061,0.02,0.0,0.82,0.0,0.16
6660,0.931666666666667,0.03,0.0,0.86,0.0,0.11
6661,0.9250000000000002,0.06,0.0,0.81,0.01,0.12
6662,0.9112063469777799,0.07,0.0,0.77,0.01,0.15
6663,0.945,0.09,0.0,0.84,0.0,0.07
6664,0.93366188474026,0.13,0.0,0.78,0.0,0.09
6665,0.9133333333333336,0.06,0.0,0.83,0.0,0.11
6666,0.9137508092152996,0.03,0.0,0.87,0.0,0.1
6667,0.9503285514069267,0.03,0.0,0.87,0.0,0.1
6668,0.9428730136444464,0.06,0.0,0.87,0.0,0.07
6669,0.9395726281308124,0.04,0.0,0.89,0.0,0.07
6670,0.9448226465470263,0.03,0.0,0.89,0.0,0.08
6671,0.9803285514069267,0.03,0.0,0.92,0.0,0.05
6672,0.9606900506335526,0.01,0.0,0.93,0.0,0.06
6673,0.9669952180735932,0.02,0.0,0.93,0.0,0.05
6674,0.96366188474026,0.02,0.0,0.93,0.0,0.05
6675,0.9461278139870666,0.04,0.0,0.84,0.0,0.12
6676,0.9269952180735933,0.03,0.0,0.82,0.0,0.15
6677,0.9389904361471865,0.03,0.0,0.82,0.0,0.15
6678,0.919539680311113,0.02,0.0,0.81,0.0,0.17
6679,0.9340793606222261,0.03,0.0,0.87,0.0,0.1
6680,0.9483333333333335,0.03,0.0,0.86,0.0,0.11
6681,0.9414540078381772,0.01,0.0,0.85,0.0,0.14
6682,0.9490008276315127,0.0,0.0,0.91,0.0,0.09
6683,0.9569952180735933,0.0,0.0,0.94,0.0,0.06
6684,0.9336302015252309,0.0,0.0,0.93,0.0,0.07
6685,0.9316666666666668,0.0,0.0,0.88,0.0,0.12
6686,0.9383333333333335,0.0,0.0,0.87,0.0,0.13
6687,0.9142111289041865,0.0,0.0,0.87,0.0,0.13
6688,0.9533333333333336,0.0,0.0,0.9,0.0,0.1
6689,0.9366666666666669,0.0,0.0,0.91,0.0,0.09
6690,0.9513357577039245,0.0,0.0,0.9,0.0,0.1
6691,0.9435913856780576,0.0,0.0,0.89,0.0,0.11
6692,0.9505364951237846,0.0,0.0,0.89,0.0,0.11
6693,0.9489745537854826,0.0,0.0,0.9,0.0,0.1
6694,0.91254446223752,0.0,0.0,0.83,0.0,0.17
6695,0.9086722762245862,0.0,0.0,0.84,0.0,0.16
6696,0.9342111289041864,0.0,0.0,0.89,0.0,0.11
6697,0.9633333333333334,0.0,0.0,0.93,0.0,0.07
6698,0.9383333333333337,0.0,0.0,0.93,0.0,0.07
6699,0.5333333333333331,0.0,0.0,0.93,0.0,0.07
6700,0.5233333333333332,0.0,0.0,0.89,0.0,0.11
6701,0.5299999999999999,0.0,0.0,0.88,0.0,0.12
6702,0.5216666666666665,0.0,0.0,0.91,0.0,0.09
6703,0.5366666666666665,0.0,0.0,0.86,0.0,0.14
6704,0.5558310416507007,0.0,0.0,0.89,0.0,0.11
6705,0.5752245016189238,0.0,0.0,0.83,0.0,0.17
6706,0.5674977083173672,0.0,0.0,0.81,0.0,0.19
6707,0.5712337532123373,0.0,0.0,0.79,0.0,0.21
6708,0.5762488541586839,0.0,0.0,0.71,0.0,0.29
6709,0.5622604617047486,0.0,0.0,0.67,0.0,0.33
6710,0.6066620833014016,0.0,0.0,0.7,0.0,0.3
6711,0.6233333333333334,0.0,0.0,0.64,0.0,0.36
6712,0.641666666666667,0.0,0.0,0.66,0.0,0.34
6713,0.6444708918944031,0.0,0.0,0.66,0.0,0.34
6714,0.6661375585610696,0.01,0.0,0.69,0.0,0.3
6715,0.6748688846545893,0.0,0.0,0.58,0.0,0.42
6716,0.6816666666666668,0.0,0.0,0.6,0.0,0.4
6717,0.7066666666666669,0.0,0.0,0.65,0.0,0.35
6718,0.7072252930672608,0.01,0.0,0.65,0.0,0.34
6719,0.7383333333333334,0.0,0.0,0.62,0.0,0.38
6720,0.7316666666666666,0.0,0.0,0.63,0.0,0.37
6721,0.752013936879624,0.0,0.0,0.65,0.0,0.35
6722,0.7450000000000001,0.0,0.0,0.67,0.01,0.32
6723,0.7438919597339277,0.0,0.0,0.65,0.02,0.33
6724,0.7255586264005939,0.01,0.0,0.67,0.01,0.31
6725,0.7388919597339276,0.01,0.0,0.59,0.0,0.4
6726,0.7416666666666668,0.0,0.0,0.65,0.0,0.35
6727,0.7150000000000002,0.0,0.0,0.71,0.0,0.29
6728,0.753333333333333,0.0,0.0,0.67,0.0,0.33
6729,0.756666666666667,0.0,0.0,0.69,0.0,0.31
6730,0.7166666666666665,0.0,0.0,0.69,0.0,0.31
6731,0.745,0.0,0.0,0.7,0.0,0.3
6732,0.7522252930672608,0.0,0.0,0.65,0.01,0.34
6733,0.7697714964835223,0.01,0.0,0.63,0.01,0.35
6734,0.7938768587875805,0.0,0.0,0.56,0.01,0.43
6735,0.7899848990536533,0.0,0.0,0.47,0.01,0.52
6736,0.7832880304942934,0.0,0.0,0.48,0.02,0.5
6737,0.7905586264005939,0.0,0.0,0.52,0.03,0.45
6738,0.8005881446955908,0.0,0.0,0.5,0.04,0.46
6739,0.7783628516283302,0.0,0.0,0.47,0.03,0.5
6740,0.7655586264005941,0.0,0.0,0.36,0.02,0.62
6741,0.7619206865805874,0.0,0.0,0.36,0.02,0.62
6742,0.7960313349664149,0.0,0.0,0.27,0.03,0.7
6743,0.7799232947003419,0.01,0.0,0.24,0.03,0.72
6744,0.7651408138926111,0.01,0.0,0.23,0.03,0.73
6745,0.7547230013846281,0.0,0.0,0.27,0.01,0.72
6746,0.7599043262500929,0.0,0.0,0.24,0.01,0.75
6747,0.7711380794624302,0.0,0.0,0.19,0.01,0.8
6748,0.7853221387580757,0.01,0.0,0.13,0.0,0.86
6749,0.798333333333333,0.0,0.0,0.13,0.0,0.87
6750,0.795,0.0,0.0,0.08,0.0,0.92
6751,0.7999999999999997,0.0,0.0,0.1,0.0,0.9
6752,0.78,0.0,0.0,0.14,0.0,0.86
6753,0.7949999999999998,0.0,0.0,0.17,0.0,0.83
6754,0.8133333333333332,0.0,0.0,0.17,0.01,0.82
6755,0.818333333333333,0.0,0.0,0.19,0.0,0.81
6756,0.7949999999999998,0.0,0.0,0.22,0.0,0.78
6757,0.7983333333333333,0.0,0.0,0.25,0.01,0.74
6758,0.7866666666666667,0.0,0.0,0.29,0.0,0.71
6759,0.8216666666666664,0.0,0.0,0.29,0.0,0.71
6760,0.7938919597339271,0.0,0.0,0.24,0.01,0.75
6761,0.8128042252277361,0.0,0.0,0.22,0.0,0.78
6762,0.7866666666666668,0.0,0.0,0.25,0.0,0.75
6763,0.7933333333333333,0.0,0.0,0.23,0.0,0.77
6764,0.7999999999999997,0.0,0.0,0.29,0.0,0.71
6765,0.7816666666666664,0.0,0.0,0.27,0.01,0.72
6766,0.7855586264005942,0.0,0.0,0.31,0.02,0.67
6767,0.8022252930672604,0.0,0.0,0.33,0.04,0.63
6768,0.7783333333333331,0.0,0.0,0.29,0.03,0.68
6769,0.7888919597339273,0.01,0.0,0.26,0.03,0.7
6770,0.7740327736265384,0.01,0.0,0.28,0.05,0.66
6771,0.7745914000271324,0.03,0.0,0.36,0.03,0.58
6772,0.795699440293205,0.01,0.0,0.46,0.02,0.51
6773,0.7964645230141456,0.02,0.0,0.44,0.04,0.5
6774,0.7977839194678547,0.02,0.0,0.51,0.02,0.45
6775,0.7966666666666665,0.0,0.0,0.54,0.0,0.46
6776,0.8016666666666665,0.01,0.0,0.48,0.0,0.51
6777,0.8033333333333331,0.0,0.0,0.37,0.0,0.63
6778,0.8066666666666664,0.0,0.0,0.35,0.0,0.65
6779,0.8083333333333331,0.0,0.0,0.39,0.0,0.61
6780,0.7965961243716412,0.0,0.0,0.38,0.0,0.62
6781,0.8166666666666664,0.0,0.0,0.3,0.0,0.7
6782,0.7912488541586836,0.0,0.0,0.34,0.0,0.66
6783,0.8049999999999997,0.0,0.0,0.38,0.0,0.62
6784,0.8116666666666665,0.0,0.0,0.42,0.0,0.58
6785,0.8149999999999998,0.0,0.0,0.53,0.0,0.47
6786,0.8212488541586835,0.0,0.0,0.65,0.0,0.35
6787,0.816988805424742,0.0,0.0,0.64,0.0,0.36
6788,0.8162488541586833,0.0,0.0,0.55,0.0,0.45
6789,0.8166666666666663,0.0,0.0,0.57,0.0,0.43
6790,0.8199999999999998,0.0,0.0,0.65,0.0,0.35
6791,0.81824741549856,0.0,0.0,0.65,0.0,0.35
6792,0.8049999999999997,0.0,0.0,0.6,0.0,0.4
6793,0.8116666666666664,0.0,0.0,0.66,0.0,0.34
6794,0.8014188888752557,0.0,0.0,0.63,0.01,0.36
6795,0.7983628516283301,0.0,0.0,0.53,0.02,0.45
6796,0.8019888054247422,0.0,0.0,0.51,0.02,0.47
6797,0.7933333333333331,0.0,0.0,0.5,0.01,0.49
6798,0.8039654191396808,0.0,0.0,0.5,0.0,0.5
6799,0.6399999999999992,0.0,0.0,0.5,0.0,0.5
6800,0.6502693462864606,0.0,0.0,0.55,0.0,0.45
6801,0.6683333333333327,0.0,0.0,0.55,0.0,0.45
6802,0.6583333333333328,0.0,0.0,0.53,0.0,0.47
6803,0.6716666666666662,0.0,0.0,0.56,0.0,0.44
6804,0.6699999999999995,0.0,0.0,0.55,0.0,0.45
6805,0.6786026796197941,0.0,0.0,0.62,0.0,0.38
6806,0.6841413721927168,0.01,0.0,0.63,0.0,0.36
6807,0.6841413721927166,0.01,0.0,0.58,0.0,0.41
6808,0.7010773851458447,0.02,0.0,0.58,0.0,0.4
6809,0.6957574499114846,0.02,0.0,0.72,0.01,0.25
6810,0.7007574499114846,0.02,0.0,0.72,0.0,0.26
6811,0.7246294758177406,0.0,0.0,0.73,0.0,0.27
6812,0.7105386925729223,0.01,0.0,0.64,0.0,0.35
6813,0.6978184857854788,0.01,0.0,0.64,0.0,0.35
6814,0.7266160777187671,0.0,0.0,0.63,0.0,0.37
6815,0.7308482806061147,0.01,0.0,0.5,0.01,0.48
6816,0.7208166470215218,0.02,0.0,0.55,0.01,0.42
6817,0.7354375146771244,0.01,0.0,0.53,0.01,0.45
6818,0.731858680082398,0.01,0.0,0.52,0.01,0.46
6819,0.7528616312552758,0.0,0.0,0.53,0.0,0.47
6820,0.7781786675918734,0.02,0.0,0.61,0.0,0.37
6821,0.7774034221758148,0.02,0.0,0.63,0.0,0.35
6822,0.8016618056692983,0.03,0.0,0.64,0.0,0.33
6823,0.7964137219271714,0.0,0.0,0.73,0.0,0.27
6824,0.8358482854314176,0.01,0.0,0.76,0.0,0.23
6825,0.8401845699376288,0.02,0.0,0.8,0.0,0.18
6826,0.8487366606095246,0.0,0.0,0.85,0.0,0.15
6827,0.8609926087970128,0.01,0.0,0.9,0.01,0.08
6828,0.8566727210124647,0.02,0.0,0.84,0.01,0.13
6829,0.843077489696075,0.02,0.0,0.8,0.02,0.16
6830,0.8276296278177823,0.04,0.0,0.7,0.02,0.24
6831,0.8383393876791313,0.05,0.0,0.64,0.05,0.26
6832,0.8332769465899085,0.06,0.0,0.67,0.04,0.23
6833,0.837876774761752,0.05,0.0,0.54,0.07,0.34
6834,0.8238625459858825,0.06,0.0,0.5,0.03,0.41
6835,0.8305717377412166,0.06,0.0,0.52,0.01,0.41
6836,0.8370124456655819,0.06,0.0,0.48,0.01,0.45
6837,0.8477831465013006,0.01,0.0,0.48,0.0,0.51
6838,0.837009057793791,0.0,0.0,0.45,0.0,0.55
6839,0.8319182270991609,0.01,0.0,0.48,0.0,0.51
6840,0.8381073842416376,0.03,0.0,0.49,0.02,0.46
6841,0.8408275910290816,0.03,0.0,0.45,0.04,0.48
6842,0.8267563503033546,0.0,0.0,0.47,0.02,0.51
6843,0.8198039406285638,0.0,0.0,0.5,0.02,0.48
6844,0.8313274069082367,0.0,0.0,0.46,0.01,0.53
6845,0.8299402523740593,0.01,0.0,0.4,0.0,0.59
6846,0.820454163123756,0.02,0.0,0.37,0.01,0.6
6847,0.8321403723095141,0.0,0.0,0.37,0.04,0.59
6848,0.8196461242643721,0.0,0.0,0.39,0.02,0.59
6849,0.8259854073932733,0.0,0.0,0.32,0.0,0.68
6850,0.8183528855030309,0.0,0.0,0.3,0.03,0.67
6851,0.812686266286176,0.0,0.0,0.33,0.03,0.64
6852,0.8050298993708657,0.0,0.0,0.36,0.04,0.6
6853,0.8076995172104104,0.01,0.0,0.42,0.02,0.55
6854,0.8062113661355751,0.01,0.0,0.46,0.0,0.53
6855,0.8006220846147538,0.01,0.0,0.34,0.02,0.63
6856,0.7926086865157806,0.01,0.0,0.35,0.01,0.63
6857,0.7913850159047352,0.02,0.0,0.37,0.0,0.61
6858,0.7971930547641191,0.01,0.0,0.39,0.0,0.6
6859,0.8045685444939769,0.02,0.0,0.4,0.02,0.56
6860,0.8136142201693929,0.0,0.0,0.47,0.02,0.51
6861,0.8256861713865525,0.0,0.0,0.4,0.04,0.56
6862,0.8192724542846844,0.01,0.0,0.38,0.03,0.58
6863,0.8201310820919672,0.0,0.0,0.43,0.03,0.54
6864,0.8335848937658276,0.01,0.0,0.45,0.03,0.51
6865,0.8332675410122011,0.0,0.0,0.38,0.07,0.55
6866,0.8177546555639518,0.0,0.0,0.4,0.07,0.53
6867,0.826920809579895,0.03,0.0,0.33,0.06,0.58
6868,0.8392244478175193,0.03,0.0,0.33,0.07,0.57
6869,0.8312809391111742,0.03,0.0,0.21,0.1,0.66
6870,0.813040398572076,0.04,0.0,0.18,0.15,0.63
6871,0.8280478468754812,0.05,0.0,0.19,0.12,0.64
6872,0.8161043856189477,0.02,0.0,0.24,0.13,0.61
6873,0.8116640194938723,0.05,0.0,0.24,0.12,0.59
6874,0.8270728233232576,0.04,0.0,0.3,0.1,0.56
6875,0.822121258045228,0.04,0.0,0.25,0.1,0.61
6876,0.8164507483591105,0.02,0.0,0.24,0.1,0.64
6877,0.8069704617296363,0.04,0.0,0.23,0.07,0.66
6878,0.8118225305818596,0.02,0.0,0.18,0.08,0.72
6879,0.8142145581492071,0.04,0.0,0.17,0.12,0.67
6880,0.7972994864980808,0.06,0.0,0.15,0.18,0.61
6881,0.7907513356989299,0.09,0.0,0.17,0.17,0.57
6882,0.7899538909403802,0.11,0.0,0.12,0.16,0.61
6883,0.8086819147233729,0.06,0.0,0.12,0.14,0.68
6884,0.825427419200925,0.04,0.0,0.15,0.16,0.65
6885,0.8178196791339087,0.03,0.0,0.18,0.11,0.68
6886,0.8350299041961692,0.03,0.0,0.13,0.07,0.77
6887,0.8299554702232019,0.02,0.0,0.13,0.07,0.78
6888,0.8246490279874382,0.05,0.0,0.1,0.11,0.74
6889,0.8172562047377601,0.01,0.0,0.09,0.15,0.75
6890,0.8190031079982227,0.0,0.0,0.12,0.1,0.78
6891,0.8218003312393678,0.0,0.0,0.14,0.1,0.76
6892,0.8123067936856592,0.0,0.0,0.12,0.09,0.79
6893,0.8246490279874382,0.0,0.0,0.11,0.14,0.75
6894,0.8140195047198859,0.01,0.0,0.08,0.14,0.77
6895,0.8126505739450876,0.0,0.0,0.13,0.17,0.7
6896,0.8058501780136598,0.0,0.0,0.11,0.25,0.64
6897,0.8135139932323753,0.0,0.0,0.04,0.31,0.65
6898,0.7986300677349838,0.01,0.0,0.05,0.3,0.64
6899,0.7766666666666666,0.0,0.0,0.02,0.22,0.76
6900,0.7666666666666667,0.0,0.0,0.04,0.14,0.82
6901,0.7916666666666664,0.01,0.0,0.07,0.16,0.76
6902,0.843333333333333,0.0,0.0,0.11,0.35,0.54
6903,0.8633333333333328,0.02,0.0,0.15,0.4,0.43
6904,0.8595124411406629,0.03,0.0,0.13,0.45,0.39
6905,0.8966666666666663,0.04,0.0,0.07,0.5,0.39
6906,0.8899999999999999,0.03,0.0,0.11,0.51,0.35
6907,0.8466666666666666,0.02,0.0,0.09,0.49,0.4
6908,0.861835710045928,0.0,0.0,0.08,0.51,0.41
6909,0.895,0.0,0.0,0.09,0.65,0.26
6910,0.9033333333333333,0.0,0.0,0.11,0.68,0.21
6911,0.9095124411406629,0.01,0.0,0.1,0.73,0.16
6912,0.9612636294969603,0.01,0.0,0.1,0.81,0.08
6913,0.93744273730429,0.03,0.0,0.08,0.78,0.11
6914,0.9495969628302933,0.02,0.0,0.02,0.86,0.1
6915,0.9437063668012503,0.01,0.0,0.04,0.81,0.14
6916,0.9259809550028897,0.0,0.0,0.02,0.77,0.21
6917,0.9435373234219889,0.0,0.0,0.0,0.83,0.17
6918,0.9373582156146592,0.0,0.0,0.0,0.8,0.2
6919,0.9111791078073292,0.0,0.0,0.0,0.72,0.28
6920,0.9228457744739962,0.0,0.0,0.0,0.75,0.25
6921,0.9241102982475671,0.0,0.0,0.0,0.75,0.25
6922,0.93,0.01,0.0,0.0,0.76,0.23
6923,0.9416666666666665,0.01,0.0,0.0,0.81,0.18
6924,0.9533333333333333,0.0,0.0,0.0,0.86,0.14
6925,0.9599999999999999,0.0,0.0,0.0,0.84,0.16
6926,0.9427995847665968,0.0,0.0,0.0,0.77,0.23
6927,0.9344662514332636,0.0,0.0,0.0,0.81,0.19
6928,0.9366666666666665,0.0,0.0,0.0,0.82,0.18
6929,0.9366666666666665,0.01,0.0,0.0,0.8,0.19
6930,0.9383333333333332,0.0,0.0,0.0,0.85,0.15
6931,0.9583333333333335,0.0,0.0,0.0,0.87,0.13
6932,0.9483333333333333,0.0,0.0,0.0,0.9,0.1
6933,0.9593535145950645,0.0,0.0,0.0,0.88,0.12
6934,0.9383987542997904,0.0,0.0,0.0,0.83,0.17
6935,0.9333987542997907,0.0,0.0,0.0,0.77,0.23
6936,0.9250654209664572,0.0,0.0,0.0,0.77,0.23
6937,0.9125090525473578,0.02,0.0,0.0,0.74,0.24
6938,0.9396985984251175,0.01,0.0,0.0,0.82,0.17
6939,0.9283333333333332,0.0,0.0,0.0,0.78,0.22
6940,0.93,0.0,0.0,0.0,0.83,0.17
6941,0.9433333333333335,0.0,0.0,0.0,0.82,0.18
6942,0.9549999999999998,0.0,0.0,0.0,0.85,0.15
6943,0.9455991695331936,0.02,0.0,0.0,0.83,0.15
6944,0.9234178550229637,0.03,0.0,0.0,0.78,0.19
6945,0.9334832759894212,0.01,0.0,0.0,0.82,0.17
6946,0.9159623584579625,0.02,0.0,0.0,0.76,0.22
6947,0.9227995847665967,0.03,0.0,0.0,0.79,0.18
6948,0.9278457744739961,0.02,0.0,0.0,0.77,0.21
6949,0.9511329180999302,0.03,0.0,0.01,0.84,0.12
6950,0.9430428011140941,0.01,0.0,0.03,0.87,0.09
6951,0.9339979238329843,0.02,0.0,0.01,0.85,0.12
6952,0.9445316723997208,0.04,0.0,0.0,0.86,0.1
6953,0.9534641752662482,0.06,0.0,0.01,0.83,0.1
6954,0.960664590499651,0.07,0.0,0.0,0.82,0.11
6955,0.9655991695331937,0.11,0.0,0.01,0.8,0.08
6956,0.9514137026889331,0.07,0.0,0.0,0.79,0.14
6957,0.9418629295660388,0.05,0.0,0.0,0.85,0.1
6958,0.9637728125802028,0.03,0.0,0.0,0.85,0.12
6959,0.9297470360222663,0.02,0.0,0.0,0.8,0.18
6960,0.9363291809993022,0.0,0.0,0.0,0.8,0.2
6961,0.969727935299093,0.0,0.0,0.0,0.86,0.14
6962,0.9702616838658293,0.0,0.0,0.0,0.88,0.12
6963,0.9736795388887934,0.0,0.0,0.0,0.81,0.19
6964,0.9419283505324959,0.0,0.0,0.0,0.77,0.23
6965,0.9529958476659688,0.01,0.0,0.0,0.82,0.17
6966,0.9439979238329844,0.0,0.0,0.0,0.83,0.17
6967,0.9354394792468693,0.0,0.0,0.0,0.82,0.18
6968,0.9407954324325658,0.01,0.0,0.0,0.77,0.22
6969,0.9413291809993024,0.02,0.0,0.0,0.77,0.21
6970,0.9453925257987443,0.0,0.0,0.0,0.75,0.25
6971,0.9309262743654808,0.0,0.0,0.0,0.71,0.29
6972,0.9214791236553901,0.0,0.0,0.0,0.7,0.3
6973,0.913892785157474,0.01,0.0,0.0,0.69,0.3
6974,0.9080612686324265,0.01,0.0,0.01,0.68,0.3
6975,0.933145790322057,0.01,0.0,0.01,0.72,0.26
6976,0.9269937714989535,0.05,0.0,0.02,0.68,0.25
6977,0.945392525798744,0.12,0.0,0.01,0.67,0.2
6978,0.9575929410321474,0.12,0.0,0.0,0.7,0.18
6979,0.9397933562655504,0.15,0.0,0.0,0.69,0.16
6980,0.9397933562655502,0.19,0.0,0.0,0.63,0.18
6981,0.9106143347799446,0.12,0.0,0.0,0.62,0.26
6982,0.9196227966235824,0.11,0.0,0.0,0.59,0.3
6983,0.9192596076988139,0.09,0.0,0.0,0.68,0.23
6984,0.918892785157474,0.07,0.0,0.0,0.74,0.19
6985,0.9344814166800145,0.08,0.0,0.01,0.72,0.19
6986,0.9465254438986741,0.06,0.0,0.0,0.75,0.19
6987,0.9404579467652014,0.08,0.0,0.01,0.68,0.23
6988,0.949259607698814,0.08,0.0,0.02,0.7,0.2
6989,0.9026120417553206,0.11,0.0,0.03,0.56,0.3
6990,0.9305703211797842,0.12,0.0,0.04,0.57,0.27
6991,0.9248587772320076,0.09,0.0,0.04,0.63,0.24
6992,0.9508608533990233,0.1,0.0,0.03,0.72,0.15
6993,0.9302988896837182,0.08,0.0,0.02,0.69,0.21
6994,0.9287449598552506,0.05,0.0,0.0,0.73,0.22
6995,0.9484641752662479,0.06,0.0,0.0,0.82,0.12
6996,0.9423966781327751,0.07,0.0,0.0,0.77,0.16
6997,0.9374620990992325,0.08,0.0,0.01,0.8,0.11
6998,0.9478650057330543,0.12,0.0,0.04,0.76,0.08
6999,0.6749999999999996,0.15,0.0,0.02,0.75,0.08
7000,0.6749999999999993,0.15,0.0,0.04,0.69,0.12
7001,0.6743567008102761,0.12,0.0,0.05,0.67,0.16
7002,0.6849999999999993,0.11,0.0,0.06,0.69,0.14
7003,0.6810233674769431,0.1,0.0,0.06,0.66,0.18
7004,0.6799999999999996,0.11,0.0,0.13,0.59,0.17
7005,0.683776568792079,0.12,0.0,0.16,0.49,0.23
7006,0.6883333333333331,0.07,0.0,0.14,0.52,0.27
7007,0.6933333333333329,0.06,0.0,0.15,0.5,0.29
7008,0.6999999999999996,0.08,0.0,0.15,0.48,0.29
7009,0.7076900341436096,0.04,0.0,0.17,0.48,0.31
7010,0.7133333333333332,0.07,0.0,0.13,0.46,0.34
7011,0.7021066402218719,0.06,0.0,0.11,0.36,0.47
7012,0.7070467349538867,0.07,0.0,0.1,0.26,0.57
7013,0.718333333333333,0.05,0.0,0.09,0.32,0.54
7014,0.6983333333333326,0.03,0.0,0.09,0.23,0.65
7015,0.7221066402218714,0.01,0.0,0.08,0.23,0.68
7016,0.7137682654427365,0.0,0.0,0.09,0.2,0.71
7017,0.6993567008102766,0.0,0.0,0.08,0.14,0.78
7018,0.7131848715209977,0.0,0.0,0.1,0.17,0.73
7019,0.7330701024308302,0.0,0.0,0.13,0.13,0.74
7020,0.766200110129645,0.0,0.0,0.26,0.1,0.64
7021,0.794973417018183,0.0,0.0,0.35,0.05,0.6
7022,0.8006167162079066,0.0,0.0,0.39,0.03,0.58
7023,0.8355302279581049,0.0,0.0,0.5,0.0,0.5
7024,0.8480435194490135,0.0,0.0,0.55,0.02,0.43
7025,0.8687800461928903,0.0,0.0,0.63,0.02,0.35
7026,0.8933400726376851,0.0,0.0,0.71,0.0,0.29
7027,0.8916135007030332,0.0,0.0,0.7,0.0,0.3
7028,0.9076368681799764,0.01,0.0,0.79,0.0,0.2
7029,0.9002669970556018,0.0,0.0,0.82,0.0,0.18
7030,0.90421030729249,0.0,0.0,0.83,0.0,0.17
7031,0.8905732363458254,0.0,0.0,0.82,0.0,0.18
7032,0.8887456732133892,0.0,0.0,0.82,0.0,0.18
7033,0.9175769629119915,0.0,0.0,0.84,0.0,0.16
7034,0.9015966038227693,0.0,0.0,0.84,0.0,0.16
7035,0.9016371105335967,0.01,0.0,0.86,0.0,0.13
7036,0.8942815965205771,0.0,0.0,0.89,0.0,0.11
7037,0.9115202731488801,0.0,0.0,0.97,0.0,0.03
7038,0.8868769256525836,0.0,0.0,0.97,0.0,0.03
7039,0.9078401938144951,0.01,0.0,0.92,0.0,0.07
7040,0.9077566787159468,0.0,0.0,0.93,0.0,0.07
7041,0.9009102962453253,0.0,0.0,0.95,0.0,0.05
7042,0.8954284326910227,0.01,0.0,0.89,0.0,0.1
7043,0.885178175611605,0.01,0.0,0.84,0.0,0.15
7044,0.9078316261015658,0.01,0.0,0.87,0.0,0.12
7045,0.8761469441660112,0.0,0.0,0.86,0.0,0.14
7046,0.8710870388980267,0.01,0.0,0.84,0.0,0.15
7047,0.9048818873225799,0.01,0.0,0.82,0.0,0.17
7048,0.8874002202592899,0.0,0.0,0.78,0.0,0.22
7049,0.9200852129570982,0.0,0.0,0.85,0.0,0.15
7050,0.8923951788134882,0.0,0.0,0.85,0.0,0.15
7051,0.9052558071425465,0.0,0.0,0.84,0.0,0.16
7052,0.8745038873299081,0.0,0.0,0.78,0.0,0.22
7053,0.8665050741271654,0.0,0.0,0.76,0.0,0.24
7054,0.8697386610030938,0.0,0.0,0.75,0.01,0.24
7055,0.8557179130708645,0.0,0.0,0.73,0.01,0.26
7056,0.8762627993496745,0.0,0.0,0.74,0.0,0.26
7057,0.8762873913812915,0.0,0.0,0.77,0.0,0.23
7058,0.9075170576440064,0.0,0.0,0.77,0.0,0.23
7059,0.8979893774763564,0.0,0.0,0.88,0.0,0.12
7060,0.8939204934081697,0.0,0.0,0.83,0.0,0.17
7061,0.8887247971987817,0.0,0.0,0.8,0.0,0.2
7062,0.899411104776226,0.0,0.0,0.89,0.0,0.11
7063,0.9184834930042182,0.0,0.0,0.87,0.0,0.13
7064,0.90916011448011,0.0,0.0,0.83,0.0,0.17
7065,0.9359681332187616,0.0,0.0,0.9,0.0,0.1
7066,0.9162334324158133,0.0,0.0,0.88,0.0,0.12
7067,0.91339997790567,0.0,0.0,0.85,0.0,0.15
7068,0.9214854734052615,0.0,0.0,0.86,0.0,0.14
7069,0.9153186855617848,0.01,0.0,0.84,0.0,0.15
7070,0.895318685561785,0.01,0.0,0.83,0.0,0.16
7071,0.9054621059283186,0.0,0.0,0.9,0.0,0.1
7072,0.9058200418424249,0.0,0.0,0.91,0.0,0.09
7073,0.8952796563084076,0.0,0.0,0.92,0.0,0.08
7074,0.900439973555205,0.0,0.0,0.9,0.0,0.1
7075,0.9047966743654817,0.0,0.0,0.9,0.0,0.1
7076,0.9359731746645633,0.0,0.0,0.88,0.0,0.12
7077,0.9075844550464914,0.0,0.0,0.81,0.0,0.19
7078,0.9115944098557162,0.0,0.0,0.81,0.0,0.19
7079,0.9071998677760249,0.0,0.0,0.86,0.0,0.14
7080,0.8943065079978965,0.0,0.0,0.85,0.0,0.15
7081,0.8930779739242286,0.0,0.0,0.81,0.0,0.19
7082,0.9085197884416395,0.01,0.0,0.76,0.0,0.23
7083,0.893426560887487,0.02,0.0,0.84,0.0,0.14
7084,0.8896865762851166,0.01,0.0,0.83,0.0,0.16
7085,0.8799329103073559,0.01,0.0,0.8,0.0,0.19
7086,0.8655332011093588,0.0,0.0,0.78,0.02,0.2
7087,0.8743997355520502,0.0,0.0,0.72,0.0,0.28
7088,0.8939930842830134,0.0,0.0,0.72,0.0,0.28
7089,0.9023264176163462,0.0,0.0,0.77,0.0,0.23
7090,0.8996363834727368,0.0,0.0,0.78,0.0,0.22
7091,0.8994929631062035,0.0,0.0,0.75,0.0,0.25
7092,0.8786130159957934,0.0,0.0,0.71,0.01,0.28
7093,0.8873863228843318,0.0,0.0,0.73,0.0,0.27
7094,0.8886632088081735,0.0,0.0,0.79,0.0,0.21
7095,0.8921998677760253,0.0,0.0,0.84,0.01,0.15
7096,0.9187733068885384,0.0,0.0,0.91,0.0,0.09
7097,0.8997367690974966,0.0,0.0,0.86,0.0,0.14
7098,0.89538006828722,0.0,0.0,0.85,0.0,0.15
7099,0.5233333333333333,0.0,0.0,0.82,0.0,0.18
7100,0.5500000000000002,0.0,0.0,0.78,0.0,0.22
7101,0.5408095530286591,0.0,0.0,0.7,0.0,0.3
7102,0.5646496235196554,0.0,0.0,0.69,0.0,0.31
7103,0.5530995764195566,0.01,0.0,0.68,0.0,0.31
7104,0.5596098824089054,0.01,0.0,0.61,0.0,0.38
7105,0.5537706012606513,0.01,0.0,0.56,0.0,0.43
7106,0.578905053316973,0.02,0.0,0.58,0.0,0.4
7107,0.578905053316973,0.02,0.0,0.53,0.0,0.45
7108,0.5940435815045373,0.03,0.0,0.52,0.0,0.45
7109,0.6482292312176409,0.09,0.0,0.48,0.01,0.42
7110,0.6757979683659825,0.11,0.0,0.4,0.02,0.47
7111,0.6626161025025163,0.08,0.0,0.4,0.03,0.49
7112,0.6788819057883417,0.15,0.0,0.33,0.01,0.51
7113,0.6998080783835688,0.15,0.0,0.26,0.0,0.59
7114,0.7025442430912647,0.12,0.0,0.33,0.0,0.55
7115,0.7534481405857474,0.17,0.0,0.21,0.01,0.61
7116,0.7822167356774296,0.2,0.0,0.17,0.02,0.61
7117,0.7667524232463986,0.25,0.0,0.19,0.03,0.53
7118,0.7560822110170464,0.25,0.0,0.17,0.0,0.58
7119,0.7606165958509475,0.19,0.0,0.15,0.01,0.65
7120,0.7680858884754886,0.16,0.0,0.14,0.02,0.68
7121,0.7483513796778294,0.17,0.0,0.17,0.02,0.64
7122,0.7747391452634652,0.15,0.0,0.14,0.04,0.67
7123,0.7744656472389387,0.15,0.0,0.2,0.04,0.61
7124,0.7750173412402687,0.11,0.0,0.16,0.01,0.72
7125,0.7964475058908067,0.07,0.0,0.1,0.0,0.83
7126,0.8238863294326565,0.07,0.0,0.1,0.01,0.82
7127,0.8226078816956303,0.04,0.0,0.15,0.0,0.81
7128,0.8256775610016065,0.02,0.0,0.12,0.0,0.86
7129,0.8303040823430382,0.03,0.0,0.1,0.01,0.86
7130,0.8070983803671681,0.03,0.0,0.09,0.0,0.88
7131,0.8088354161258938,0.04,0.0,0.14,0.02,0.8
7132,0.8455854181957649,0.03,0.0,0.07,0.03,0.87
7133,0.8177454380019236,0.01,0.0,0.09,0.02,0.88
7134,0.8414227091978173,0.01,0.0,0.15,0.01,0.83
7135,0.8432132443107149,0.01,0.0,0.17,0.0,0.82
7136,0.8660728148721613,0.0,0.0,0.17,0.0,0.83
7137,0.8610642397838255,0.0,0.0,0.19,0.01,0.8
7138,0.8553762732445943,0.0,0.0,0.17,0.01,0.82
7139,0.8716686209873572,0.0,0.0,0.13,0.02,0.85
7140,0.8985222688379798,0.0,0.0,0.11,0.04,0.85
7141,0.9059851228447369,0.0,0.0,0.11,0.02,0.87
7142,0.9063354993250817,0.0,0.0,0.09,0.0,0.91
7143,0.8935777747830436,0.0,0.0,0.09,0.0,0.91
7144,0.9110044425872305,0.0,0.0,0.1,0.0,0.9
7145,0.8879690508223699,0.0,0.0,0.22,0.0,0.78
7146,0.9142610636436139,0.0,0.0,0.2,0.0,0.8
7147,0.9033597723144233,0.0,0.0,0.23,0.0,0.77
7148,0.8879007199610931,0.0,0.0,0.25,0.0,0.75
7149,0.8663446261867334,0.0,0.0,0.26,0.01,0.73
7150,0.8520851202581727,0.0,0.0,0.2,0.01,0.79
7151,0.8592488059224493,0.0,0.0,0.14,0.0,0.86
7152,0.8494766633951351,0.0,0.0,0.2,0.0,0.8
7153,0.8776399001798733,0.0,0.0,0.19,0.0,0.81
7154,0.8962115487129146,0.0,0.0,0.25,0.0,0.75
7155,0.8936028538433676,0.0,0.0,0.3,0.0,0.7
7156,0.8838893025804531,0.0,0.0,0.35,0.0,0.65
7157,0.8941632890579791,0.0,0.0,0.36,0.0,0.64
7158,0.893450640467448,0.0,0.0,0.34,0.0,0.66
7159,0.9068258923813203,0.0,0.0,0.28,0.0,0.72
7160,0.8957526669957026,0.0,0.0,0.21,0.0,0.79
7161,0.9232157042351994,0.0,0.0,0.18,0.0,0.82
7162,0.9186901555226947,0.0,0.0,0.14,0.0,0.86
7163,0.9274616492111604,0.0,0.0,0.19,0.0,0.81
7164,0.9086901555226952,0.0,0.0,0.19,0.01,0.8
7165,0.8883150011522103,0.0,0.0,0.14,0.02,0.84
7166,0.8997412849637292,0.0,0.0,0.17,0.01,0.82
7167,0.9121486330254224,0.0,0.0,0.12,0.0,0.88
7168,0.9222574330933918,0.0,0.0,0.09,0.0,0.91
7169,0.9163227358953389,0.0,0.0,0.12,0.0,0.88
7170,0.9124826654043428,0.0,0.0,0.17,0.0,0.83
7171,0.9107859757869791,0.0,0.0,0.18,0.0,0.82
7172,0.9302415835036075,0.0,0.0,0.24,0.0,0.76
7173,0.9036601325719981,0.0,0.0,0.23,0.0,0.77
7174,0.9019459052959828,0.0,0.0,0.35,0.0,0.65
7175,0.9086601325719981,0.0,0.0,0.39,0.0,0.61
7176,0.8971655730873616,0.0,0.0,0.35,0.0,0.65
7177,0.9043608855326875,0.0,0.0,0.36,0.0,0.64
7178,0.9133097560916532,0.0,0.0,0.37,0.0,0.63
7179,0.8989017089843732,0.0,0.0,0.35,0.0,0.65
7180,0.925132783435638,0.0,0.0,0.34,0.0,0.66
7181,0.891985823341162,0.0,0.0,0.35,0.01,0.64
7182,0.8943523609706331,0.01,0.0,0.34,0.01,0.64
7183,0.8875556906784563,0.0,0.0,0.38,0.01,0.61
7184,0.8871562652004339,0.0,0.0,0.35,0.01,0.64
7185,0.9114166635568088,0.0,0.0,0.36,0.0,0.64
7186,0.8971181973528859,0.0,0.0,0.3,0.0,0.7
7187,0.9041904436734154,0.0,0.0,0.33,0.0,0.67
7188,0.9440816539946035,0.0,0.0,0.31,0.0,0.69
7189,0.9276090031309637,0.0,0.0,0.3,0.0,0.7
7190,0.911534289357017,0.0,0.0,0.23,0.0,0.77
7191,0.9064867287476686,0.0,0.0,0.22,0.0,0.78
7192,0.9262927129446419,0.0,0.0,0.19,0.0,0.81
7193,0.897498117077953,0.0,0.0,0.18,0.01,0.81
7194,0.9351008618234868,0.0,0.0,0.22,0.03,0.75
7195,0.8937753712577519,0.0,0.0,0.15,0.05,0.8
7196,0.903409139169754,0.0,0.0,0.16,0.02,0.82
7197,0.909691734208179,0.0,0.0,0.18,0.0,0.82
7198,0.9330022343367935,0.0,0.0,0.18,0.0,0.82
7199,0.7299999999999999,0.0,0.0,0.24,0.0,0.76
7200,0.7349999999999999,0.0,0.0,0.28,0.0,0.72
7201,0.7613970343323477,0.0,0.0,0.35,0.0,0.65
7202,0.7857362489571659,0.0,0.0,0.44,0.0,0.56
7203,0.8159820290785631,0.0,0.0,0.58,0.0,0.42
7204,0.8758339110952604,0.0,0.0,0.71,0.0,0.29
7205,0.8695988946107867,0.0,0.0,0.71,0.0,0.29
7206,0.9228387339114742,0.0,0.0,0.83,0.0,0.17
7207,0.9554112214007265,0.0,0.0,0.85,0.0,0.15
7208,0.9547745423266025,0.0,0.0,0.88,0.0,0.12
7209,0.9662461105243285,0.0,0.0,0.9,0.0,0.1
7210,0.9528249237777312,0.0,0.0,0.87,0.0,0.13
7211,0.9616666666666667,0.0,0.0,0.91,0.0,0.09
7212,0.958140183586552,0.0,0.0,0.93,0.0,0.07
7213,0.9498068502532186,0.0,0.0,0.91,0.0,0.09
7214,0.9466666666666669,0.0,0.0,0.87,0.0,0.13
7215,0.9086338049800695,0.0,0.0,0.81,0.0,0.19
7216,0.9328965846105426,0.0,0.0,0.8,0.0,0.2
7217,0.9190406861000469,0.0,0.0,0.79,0.0,0.21
7218,0.9183581934565949,0.0,0.0,0.81,0.0,0.19
7219,0.9239333528076366,0.0,0.0,0.82,0.0,0.18
7220,0.9494269855936096,0.0,0.0,0.87,0.0,0.13
7221,0.9228965846105424,0.0,0.0,0.87,0.0,0.13
7222,0.9269527937059878,0.0,0.0,0.87,0.0,0.13
7223,0.9162681561178841,0.0,0.0,0.81,0.0,0.19
7224,0.8991513313326361,0.0,0.0,0.81,0.0,0.19
7225,0.9150807662373203,0.0,0.0,0.81,0.0,0.19
7226,0.9036194603726545,0.0,0.0,0.8,0.0,0.2
7227,0.9097158852594172,0.0,0.0,0.84,0.0,0.16
7228,0.9393970752532974,0.0,0.0,0.87,0.0,0.13
7229,0.9325372588398492,0.0,0.0,0.92,0.0,0.08
7230,0.9315664942124249,0.0,0.0,0.91,0.0,0.09
7231,0.9214735169198854,0.0,0.0,0.89,0.0,0.11
7232,0.916177127547504,0.0,0.0,0.81,0.0,0.19
7233,0.9400000000000004,0.0,0.0,0.87,0.0,0.13
7234,0.9471985376266484,0.0,0.0,0.87,0.0,0.13
7235,0.937537258839849,0.0,0.0,0.87,0.0,0.13
7236,0.9100929772925395,0.0,0.0,0.82,0.0,0.18
7237,0.9181805667052118,0.0,0.0,0.82,0.0,0.18
7238,0.9131733845284278,0.0,0.0,0.79,0.0,0.21
7239,0.9180308802333667,0.0,0.0,0.85,0.0,0.15
7240,0.8992274010128741,0.0,0.0,0.85,0.0,0.15
7241,0.8875223635262856,0.0,0.0,0.82,0.0,0.18
7242,0.9353387212132006,0.0,0.0,0.86,0.0,0.14
7243,0.942198537626649,0.0,0.0,0.84,0.0,0.16
7244,0.9547542560793393,0.0,0.0,0.86,0.0,0.14
7245,0.9391513313326361,0.0,0.0,0.85,0.0,0.15
7246,0.9533333333333333,0.0,0.0,0.92,0.0,0.08
7247,0.9212803671731038,0.0,0.0,0.89,0.0,0.11
7248,0.9600000000000002,0.0,0.0,0.93,0.0,0.07
7249,0.9441460648780372,0.0,0.0,0.94,0.0,0.06
7250,0.9383333333333339,0.0,0.0,0.9,0.0,0.1
7251,0.9383333333333335,0.0,0.0,0.92,0.0,0.08
7252,0.955,0.0,0.0,0.94,0.0,0.06
7253,0.9556774424264008,0.0,0.0,0.95,0.0,0.05
7254,0.9214735169198853,0.0,0.0,0.93,0.0,0.07
7255,0.955,0.0,0.0,0.9,0.0,0.1
7256,0.9443970752532974,0.0,0.0,0.89,0.0,0.11
7257,0.9489106798669894,0.0,0.0,0.86,0.0,0.14
7258,0.9578469379470256,0.0,0.0,0.89,0.0,0.11
7259,0.9500454755736744,0.0,0.0,0.85,0.0,0.15
7260,0.9447542560793392,0.0,0.0,0.88,0.0,0.12
7261,0.94264869574523,0.0,0.0,0.86,0.0,0.14
7262,0.9311751788253448,0.0,0.0,0.84,0.0,0.16
7263,0.9516304407913964,0.0,0.0,0.87,0.0,0.13
7264,0.9264209227460056,0.0,0.0,0.86,0.0,0.14
7265,0.9533333333333336,0.0,0.0,0.88,0.0,0.12
7266,0.9450000000000002,0.0,0.0,0.85,0.0,0.15
7267,0.935,0.0,0.0,0.83,0.0,0.17
7268,0.9431401835865519,0.0,0.0,0.88,0.0,0.12
7269,0.9466666666666665,0.0,0.0,0.9,0.0,0.1
7270,0.9635515809292179,0.0,0.0,0.91,0.0,0.09
7271,0.9557501185558663,0.0,0.0,0.91,0.0,0.09
7272,0.9421985376266485,0.0,0.0,0.88,0.0,0.12
7273,0.9555318709599819,0.0,0.0,0.92,0.0,0.08
7274,0.9627304085866306,0.0,0.0,0.93,0.0,0.07
7275,0.9704608171732609,0.0,0.0,0.93,0.0,0.07
7276,0.9731912257598914,0.0,0.0,0.9,0.0,0.1
7277,0.9621274838399277,0.0,0.0,0.89,0.0,0.11
7278,0.9487941505065942,0.0,0.0,0.84,0.0,0.16
7279,0.9368764734646676,0.01,0.0,0.87,0.0,0.12
7280,0.9228049262663283,0.0,0.0,0.81,0.0,0.19
7281,0.9237587997694534,0.01,0.0,0.74,0.0,0.25
7282,0.9258925156790008,0.01,0.0,0.78,0.0,0.21
7283,0.901815640716513,0.01,0.0,0.75,0.0,0.24
7284,0.9440663759144161,0.0,0.0,0.78,0.0,0.22
7285,0.9396776258326347,0.0,0.0,0.81,0.0,0.19
7286,0.9367068139226147,0.0,0.0,0.84,0.0,0.16
7287,0.935460817173261,0.0,0.0,0.81,0.0,0.19
7288,0.9316359959986059,0.0,0.0,0.75,0.0,0.25
7289,0.9343343466380921,0.0,0.0,0.81,0.0,0.19
7290,0.9264024631331644,0.0,0.0,0.8,0.0,0.2
7291,0.914928946213279,0.0,0.0,0.74,0.0,0.26
7292,0.9293260214665763,0.0,0.0,0.79,0.0,0.21
7293,0.9057995383864614,0.0,0.0,0.75,0.0,0.25
7294,0.9045159458578459,0.0,0.0,0.72,0.0,0.28
7295,0.9259926881332429,0.0,0.0,0.77,0.0,0.23
7296,0.9240940570896773,0.0,0.0,0.76,0.0,0.24
7297,0.9411781683181446,0.0,0.0,0.84,0.0,0.16
7298,0.9443939636727601,0.0,0.0,0.83,0.0,0.17
7299,0.4966666666666666,0.0,0.0,0.78,0.0,0.22
7300,0.5033333333333333,0.0,0.0,0.72,0.0,0.28
7301,0.5085785249889476,0.0,0.0,0.67,0.0,0.33
7302,0.5088237166445618,0.0,0.0,0.69,0.0,0.31
7303,0.5103846600530744,0.0,0.0,0.62,0.0,0.38
7304,0.5083333333333332,0.0,0.0,0.54,0.0,0.46
7305,0.5149999999999999,0.0,0.0,0.43,0.0,0.57
7306,0.5266666666666666,0.0,0.0,0.38,0.0,0.62
7307,0.5485785249889477,0.0,0.0,0.27,0.0,0.73
7308,0.5433333333333332,0.0,0.0,0.28,0.0,0.72
7309,0.5433333333333332,0.0,0.0,0.25,0.0,0.75
7310,0.5699999999999998,0.0,0.0,0.21,0.0,0.79
7311,0.5766666666666665,0.0,0.0,0.26,0.0,0.74
7312,0.5749999999999998,0.0,0.0,0.31,0.0,0.69
7313,0.6066666666666666,0.0,0.0,0.31,0.0,0.69
7314,0.6383333333333336,0.0,0.0,0.33,0.0,0.67
7315,0.6589948255919913,0.01,0.0,0.32,0.0,0.67
7316,0.6700644589263643,0.0,0.0,0.33,0.0,0.67
7317,0.6841397608112056,0.0,0.0,0.33,0.0,0.67
7318,0.6916666666666664,0.0,0.0,0.33,0.01,0.66
7319,0.706666666666667,0.02,0.0,0.31,0.01,0.66
7320,0.7269118583222807,0.04,0.0,0.32,0.02,0.62
7321,0.7301394683974598,0.03,0.0,0.34,0.06,0.57
7322,0.7044153353737082,0.05,0.0,0.29,0.07,0.59
7323,0.6928543919651957,0.03,0.0,0.31,0.07,0.59
7324,0.7115386402122976,0.07,0.0,0.29,0.05,0.59
7325,0.7191363985787881,0.09,0.0,0.33,0.08,0.5
7326,0.7173196056215514,0.05,0.0,0.33,0.1,0.52
7327,0.7340306753206337,0.03,0.0,0.34,0.11,0.52
7328,0.7260482569010687,0.01,0.0,0.34,0.12,0.53
7329,0.7167330697088465,0.02,0.0,0.41,0.15,0.42
7330,0.7284728017307935,0.02,0.0,0.35,0.22,0.41
7331,0.73513946839746,0.01,0.0,0.34,0.26,0.39
7332,0.7518061350641267,0.0,0.0,0.35,0.23,0.42
7333,0.7552789367949202,0.01,0.0,0.32,0.21,0.46
7334,0.7469456034615868,0.0,0.0,0.35,0.16,0.49
7335,0.7406635968479943,0.01,0.0,0.39,0.13,0.47
7336,0.7237517385257135,0.02,0.0,0.32,0.17,0.49
7337,0.7323302635146611,0.02,0.0,0.31,0.15,0.52
7338,0.7191026534394821,0.02,0.0,0.34,0.17,0.47
7339,0.7568061350641264,0.03,0.0,0.3,0.2,0.47
7340,0.7555241284505345,0.06,0.0,0.25,0.2,0.49
7341,0.7499999999999999,0.12,0.0,0.21,0.19,0.48
7342,0.7370350000112218,0.12,0.0,0.23,0.21,0.44
7343,0.762051326719741,0.13,0.0,0.24,0.21,0.42
7344,0.7735785249889474,0.12,0.0,0.31,0.09,0.48
7345,0.7655905314927142,0.08,0.0,0.31,0.14,0.47
7346,0.7783333333333334,0.05,0.0,0.38,0.11,0.46
7347,0.7666666666666666,0.06,0.0,0.35,0.08,0.51
7348,0.7549999999999999,0.1,0.0,0.33,0.07,0.5
7349,0.7550000000000003,0.05,0.0,0.35,0.08,0.52
7350,0.7785785249889478,0.05,0.0,0.42,0.06,0.47
7351,0.7667330697088464,0.01,0.0,0.31,0.03,0.65
7352,0.7704903833112285,0.01,0.0,0.25,0.02,0.72
7353,0.7688237166445617,0.0,0.0,0.28,0.03,0.69
7354,0.7703115946977941,0.01,0.0,0.28,0.04,0.67
7355,0.7631545447198986,0.01,0.0,0.25,0.04,0.7
7356,0.7752451916556146,0.01,0.0,0.2,0.02,0.77
7357,0.7834227298829686,0.01,0.0,0.15,0.01,0.83
7358,0.7767330697088465,0.0,0.0,0.18,0.03,0.79
7359,0.7804903833112284,0.0,0.0,0.14,0.0,0.86
7360,0.7635785249889473,0.0,0.0,0.11,0.02,0.87
7361,0.7869118583222808,0.0,0.0,0.13,0.01,0.86
7362,0.7949999999999997,0.0,0.0,0.09,0.01,0.9
7363,0.7957355749668428,0.0,0.0,0.08,0.01,0.91
7364,0.7902451916556141,0.0,0.0,0.08,0.02,0.9
7365,0.7878926249447379,0.0,0.0,0.09,0.03,0.88
7366,0.8119118583222807,0.0,0.0,0.07,0.03,0.9
7367,0.7793140999557906,0.0,0.0,0.07,0.01,0.92
7368,0.7851787930992701,0.0,0.0,0.05,0.01,0.94
7369,0.775311594697794,0.0,0.0,0.09,0.01,0.9
7370,0.7818454597659367,0.0,0.0,0.1,0.01,0.89
7371,0.7754903833112284,0.0,0.0,0.17,0.0,0.83
7372,0.7864711499336859,0.0,0.0,0.14,0.01,0.85
7373,0.7774022416335095,0.0,0.0,0.12,0.01,0.87
7374,0.7978148341169046,0.0,0.0,0.11,0.02,0.87
7375,0.8044815007835712,0.0,0.0,0.15,0.02,0.83
7376,0.7885785249889474,0.01,0.0,0.17,0.06,0.76
7377,0.7799999999999998,0.0,0.0,0.18,0.05,0.77
7378,0.7740689083001763,0.0,0.0,0.13,0.03,0.84
7379,0.7833333333333331,0.0,0.0,0.11,0.07,0.82
7380,0.7673916224132141,0.0,0.0,0.12,0.04,0.84
7381,0.7888130974242664,0.0,0.0,0.1,0.01,0.89
7382,0.7685785249889477,0.01,0.0,0.11,0.0,0.88
7383,0.7603345882052495,0.0,0.0,0.1,0.01,0.89
7384,0.7815108715606875,0.0,0.0,0.06,0.01,0.93
7385,0.7646884097880414,0.0,0.0,0.02,0.0,0.98
7386,0.7848442048940208,0.0,0.0,0.01,0.0,0.99
7387,0.7783333333333331,0.0,0.0,0.03,0.01,0.96
7388,0.7837179933864076,0.0,0.0,0.04,0.0,0.96
7389,0.7819118583222812,0.0,0.0,0.06,0.02,0.92
7390,0.7752451916556143,0.0,0.0,0.06,0.02,0.92
7391,0.7899999999999996,0.0,0.0,0.06,0.01,0.93
7392,0.7852451916556141,0.0,0.0,0.04,0.02,0.94
7393,0.7949999999999998,0.0,0.0,0.02,0.04,0.94
7394,0.7783333333333333,0.0,0.0,0.01,0.06,0.93
7395,0.7983333333333333,0.0,0.0,0.0,0.03,0.97
7396,0.7766666666666667,0.0,0.0,0.01,0.02,0.97
7397,0.7799999999999998,0.0,0.0,0.04,0.02,0.94
7398,0.7866666666666667,0.0,0.0,0.03,0.02,0.95
7399,0.6783333333333327,0.0,0.0,0.03,0.05,0.92
7400,0.6749999999999994,0.0,0.0,0.06,0.08,0.86
7401,0.6816666666666663,0.0,0.0,0.11,0.09,0.8
7402,0.6830216536873143,0.0,0.0,0.11,0.08,0.81
7403,0.7016666666666665,0.0,0.0,0.15,0.05,0.8
7404,0.6949999999999997,0.0,0.0,0.16,0.06,0.78
7405,0.7133333333333332,0.0,0.0,0.25,0.07,0.68
7406,0.7083333333333328,0.0,0.0,0.13,0.03,0.84
7407,0.718333333333333,0.0,0.0,0.12,0.03,0.85
7408,0.6966666666666663,0.0,0.0,0.08,0.02,0.9
7409,0.7066666666666663,0.0,0.0,0.05,0.03,0.92
7410,0.7083333333333327,0.0,0.0,0.06,0.02,0.92
7411,0.7133333333333332,0.0,0.0,0.08,0.03,0.89
7412,0.7133333333333334,0.0,0.0,0.09,0.02,0.89
7413,0.7212185988474239,0.0,0.0,0.13,0.01,0.86
7414,0.7430605569868852,0.0,0.0,0.09,0.01,0.9
7415,0.7694544473071038,0.0,0.0,0.1,0.01,0.89
7416,0.7612575021469948,0.0,0.0,0.08,0.03,0.89
7417,0.7730605569868853,0.0,0.0,0.08,0.02,0.9
7418,0.7907119494540982,0.0,0.0,0.11,0.01,0.88
7419,0.7975150042939889,0.0,0.0,0.11,0.02,0.87
7420,0.780338277495614,0.0,0.0,0.09,0.0,0.91
7421,0.7793180591338795,0.0,0.0,0.1,0.01,0.89
7422,0.8019694516010928,0.0,0.0,0.15,0.02,0.83
7423,0.8173308181096014,0.0,0.0,0.14,0.03,0.83
7424,0.8371713409234828,0.0,0.0,0.11,0.05,0.84
7425,0.843490835382942,0.0,0.0,0.11,0.07,0.82
7426,0.8228773290950815,0.0,0.0,0.14,0.07,0.79
7427,0.8368241687162759,0.0,0.0,0.13,0.09,0.78
7428,0.84091505431987,0.0,0.0,0.11,0.12,0.77
7429,0.8626636116320057,0.0,0.0,0.12,0.11,0.77
7430,0.8552328038515215,0.0,0.0,0.12,0.09,0.79
7431,0.8688236289053463,0.0,0.0,0.1,0.1,0.8
7432,0.8711056956212855,0.0,0.0,0.08,0.11,0.81
7433,0.8805494193815337,0.0,0.0,0.07,0.04,0.89
7434,0.865714249468356,0.0,0.0,0.05,0.03,0.92
7435,0.914263344248434,0.0,0.0,0.01,0.08,0.91
7436,0.9223370321950446,0.0,0.0,0.0,0.08,0.92
7437,0.9398946987274484,0.0,0.0,0.0,0.05,0.95
7438,0.9426398557277035,0.0,0.0,0.0,0.06,0.94
7439,0.9339058365291446,0.0,0.0,0.0,0.05,0.95
7440,0.9281427461821852,0.0,0.0,0.0,0.06,0.94
7441,0.9232791343554093,0.0,0.0,0.0,0.07,0.93
7442,0.9336371579822209,0.0,0.0,0.0,0.05,0.95
7443,0.9400310483024396,0.0,0.0,0.0,0.06,0.94
7444,0.941109538636028,0.0,0.0,0.0,0.09,0.91
7445,0.9328699698357373,0.0,0.0,0.0,0.05,0.95
7446,0.9180679866157107,0.0,0.0,0.0,0.06,0.94
7447,0.9259921554293719,0.0,0.0,0.0,0.08,0.92
7448,0.9398322903578361,0.0,0.0,0.0,0.07,0.93
7449,0.933364381635773,0.0,0.0,0.0,0.04,0.96
7450,0.9166778166361033,0.0,0.0,0.01,0.07,0.92
7451,0.9140328140832541,0.0,0.0,0.01,0.08,0.91
7452,0.9080615967013465,0.0,0.0,0.0,0.11,0.89
7453,0.9073239012353188,0.0,0.0,0.0,0.18,0.82
7454,0.903396001654544,0.0,0.0,0.0,0.17,0.83
7455,0.9103164397010914,0.0,0.0,0.0,0.23,0.77
7456,0.9231042203415284,0.0,0.0,0.0,0.2,0.8
7457,0.9177888203548986,0.0,0.0,0.0,0.15,0.85
7458,0.9111901722093453,0.0,0.0,0.0,0.1,0.9
7459,0.9482706171027304,0.0,0.0,0.0,0.09,0.91
7460,0.9532706171027303,0.0,0.0,0.0,0.05,0.95
7461,0.9483485853962812,0.0,0.0,0.01,0.03,0.96
7462,0.9429200341571413,0.0,0.0,0.02,0.03,0.95
7463,0.9251317622890746,0.0,0.0,0.01,0.01,0.98
7464,0.9367014353097173,0.0,0.0,0.01,0.04,0.95
7465,0.9427447426843467,0.0,0.0,0.03,0.01,0.96
7466,0.9228223292249973,0.0,0.0,0.06,0.02,0.92
7467,0.9230723802642667,0.0,0.0,0.05,0.02,0.93
7468,0.8847733365234576,0.0,0.0,0.03,0.02,0.95
7469,0.8957553927502511,0.0,0.0,0.04,0.01,0.95
7470,0.9146642873644588,0.0,0.0,0.04,0.0,0.96
7471,0.9200155436179925,0.0,0.0,0.05,0.0,0.95
7472,0.9307192168318204,0.0,0.0,0.06,0.02,0.92
7473,0.9201093081510351,0.0,0.0,0.08,0.01,0.91
7474,0.9257369705880878,0.0,0.0,0.09,0.0,0.91
7475,0.9114876937868068,0.0,0.0,0.11,0.0,0.89
7476,0.9203773633759563,0.0,0.0,0.17,0.02,0.81
7477,0.9111286693790798,0.01,0.0,0.2,0.0,0.79
7478,0.9222108800532796,0.01,0.0,0.22,0.01,0.76
7479,0.899167981417072,0.01,0.0,0.22,0.01,0.76
7480,0.926899200407261,0.02,0.0,0.25,0.0,0.73
7481,0.9109922812058557,0.02,0.0,0.2,0.01,0.77
7482,0.9243523188437021,0.02,0.0,0.2,0.01,0.77
7483,0.9078774843881356,0.04,0.0,0.23,0.0,0.73
7484,0.9149635163329904,0.04,0.0,0.26,0.0,0.7
7485,0.914410900417785,0.03,0.0,0.23,0.0,0.74
7486,0.8777013528601383,0.04,0.0,0.17,0.02,0.77
7487,0.8844048751687,0.02,0.0,0.18,0.04,0.76
7488,0.8821412948577861,0.01,0.0,0.22,0.06,0.71
7489,0.9256027949606961,0.01,0.0,0.28,0.07,0.64
7490,0.9262224339121219,0.01,0.0,0.27,0.06,0.66
7491,0.9183462034943963,0.01,0.0,0.26,0.07,0.66
7492,0.8991310980413363,0.0,0.0,0.29,0.04,0.67
7493,0.8985040184086881,0.0,0.0,0.3,0.04,0.66
7494,0.9198125856580022,0.0,0.0,0.24,0.03,0.73
7495,0.9177564327461759,0.0,0.0,0.28,0.05,0.67
7496,0.921453908475104,0.0,0.0,0.29,0.04,0.67
7497,0.9121719767537091,0.0,0.0,0.29,0.01,0.7
7498,0.9207385098259752,0.01,0.0,0.3,0.0,0.69
7499,0.5899999999999995,0.01,0.0,0.37,0.0,0.62
7500,0.6133333333333327,0.01,0.0,0.35,0.0,0.64
7501,0.6499999999999996,0.0,0.0,0.24,0.01,0.75
7502,0.6566666666666663,0.0,0.0,0.27,0.01,0.72
7503,0.6849999999999997,0.0,0.0,0.32,0.02,0.66
7504,0.6639572409450503,0.0,0.0,0.3,0.02,0.68
7505,0.6649999999999996,0.0,0.0,0.31,0.06,0.63
7506,0.6699999999999996,0.0,0.0,0.28,0.04,0.68
7507,0.6949999999999998,0.01,0.0,0.31,0.05,0.63
7508,0.7058828431738678,0.01,0.0,0.35,0.04,0.6
7509,0.7116666666666666,0.0,0.0,0.4,0.03,0.57
7510,0.7333333333333334,0.0,0.0,0.44,0.02,0.54
7511,0.725,0.0,0.0,0.4,0.01,0.59
7512,0.7516666666666667,0.0,0.0,0.47,0.0,0.53
7513,0.7621088548100345,0.0,0.0,0.45,0.0,0.55
7514,0.747959202461168,0.0,0.0,0.5,0.01,0.49
7515,0.7712585071589002,0.0,0.0,0.47,0.0,0.53
7516,0.7796258691278346,0.0,0.0,0.33,0.01,0.66
7517,0.7813265644301017,0.0,0.0,0.39,0.0,0.61
7518,0.7871088548100339,0.0,0.0,0.38,0.0,0.62
7519,0.7975510429534012,0.0,0.0,0.39,0.0,0.61
7520,0.7658843762867344,0.0,0.0,0.42,0.0,0.58
7521,0.789217709620068,0.0,0.0,0.35,0.0,0.65
7522,0.802142883445635,0.0,0.0,0.28,0.0,0.72
7523,0.7583673619689343,0.0,0.0,0.26,0.0,0.74
7524,0.8046548855637811,0.0,0.0,0.23,0.01,0.76
7525,0.7911129160097156,0.0,0.0,0.23,0.01,0.76
7526,0.7965210755174819,0.0,0.0,0.18,0.01,0.81
7527,0.8105102454145691,0.0,0.0,0.14,0.01,0.85
7528,0.7946939263990364,0.0,0.0,0.14,0.01,0.85
7529,0.7917687525734697,0.0,0.0,0.11,0.01,0.88
7530,0.7925850715890022,0.0,0.0,0.08,0.02,0.9
7531,0.8050647725232879,0.0,0.0,0.12,0.02,0.86
7532,0.8042517382556688,0.0,0.0,0.11,0.03,0.86
7533,0.7905102454145689,0.0,0.0,0.12,0.02,0.86
7534,0.802619100224603,0.01,0.0,0.08,0.01,0.9
7535,0.7996939263990365,0.01,0.0,0.07,0.0,0.92
7536,0.793469447875737,0.01,0.0,0.06,0.0,0.93
7537,0.7677701839735943,0.0,0.0,0.06,0.0,0.94
7538,0.7521428834456352,0.0,0.0,0.08,0.0,0.92
7539,0.7430272597323699,0.0,0.0,0.08,0.0,0.92
7540,0.7487755214767006,0.0,0.0,0.06,0.0,0.94
7541,0.7617347239378687,0.0,0.0,0.05,0.0,0.95
7542,0.7763605930657032,0.0,0.0,0.09,0.01,0.9
7543,0.7838435787479024,0.0,0.0,0.12,0.03,0.85
7544,0.7880272597323696,0.0,0.0,0.06,0.06,0.88
7545,0.8039116360191045,0.0,0.0,0.08,0.08,0.84
7546,0.8109184049223356,0.0,0.0,0.1,0.12,0.78
7547,0.8133798775290696,0.0,0.0,0.1,0.12,0.78
7548,0.8151020859068028,0.0,0.0,0.08,0.14,0.78
7549,0.8059524335579362,0.0,0.0,0.09,0.1,0.81
7550,0.7955442740501705,0.0,0.0,0.07,0.09,0.84
7551,0.8042517382556692,0.0,0.0,0.09,0.11,0.8
7552,0.7980612883679705,0.0,0.0,0.06,0.11,0.83
7553,0.8159524335579365,0.0,0.0,0.01,0.21,0.78
7554,0.8501020859068025,0.0,0.0,0.0,0.27,0.73
7555,0.8300680572712015,0.0,0.0,0.0,0.24,0.76
7556,0.8380272597323694,0.0,0.0,0.01,0.31,0.68
7557,0.8588435787479024,0.0,0.0,0.01,0.32,0.67
7558,0.8384013906045352,0.0,0.0,0.03,0.37,0.6
7559,0.8508503476511335,0.0,0.0,0.02,0.46,0.52
7560,0.8717347239378683,0.0,0.0,0.01,0.49,0.5
7561,0.8858503476511338,0.0,0.0,0.01,0.51,0.48
7562,0.883401390604535,0.0,0.0,0.01,0.48,0.51
7563,0.8641836809844667,0.0,0.0,0.0,0.45,0.55
7564,0.893367361968934,0.0,0.0,0.0,0.53,0.47
7565,0.9000340286356008,0.0,0.0,0.01,0.51,0.48
7566,0.8791836809844666,0.0,0.0,0.0,0.54,0.46
7567,0.8837755214767005,0.0,0.0,0.0,0.52,0.48
7568,0.8684013906045354,0.0,0.0,0.0,0.53,0.47
7569,0.882925173825567,0.0,0.0,0.0,0.57,0.43
7570,0.8775170143178005,0.0,0.0,0.0,0.63,0.37
7571,0.8887755214767007,0.01,0.0,0.0,0.65,0.34
7572,0.8946598977634352,0.0,0.0,0.01,0.7,0.29
7573,0.9038095501123017,0.01,0.0,0.02,0.7,0.27
7574,0.9254762167789685,0.01,0.0,0.01,0.72,0.26
7575,0.922108854810034,0.0,0.0,0.01,0.82,0.17
7576,0.940442188143367,0.0,0.0,0.01,0.82,0.17
7577,0.9258503476511337,0.0,0.0,0.01,0.8,0.19
7578,0.9449999999999998,0.0,0.0,0.0,0.82,0.18
7579,0.939183680984467,0.0,0.0,0.0,0.81,0.19
7580,0.9354421881433674,0.0,0.0,0.0,0.82,0.18
7581,0.9312585071589002,0.01,0.0,0.0,0.8,0.19
7582,0.9525170143178004,0.03,0.0,0.0,0.8,0.17
7583,0.9204421881433678,0.01,0.0,0.0,0.78,0.21
7584,0.920034028635601,0.01,0.0,0.0,0.77,0.22
7585,0.8992177096200679,0.03,0.0,0.0,0.65,0.32
7586,0.8675170143178004,0.02,0.0,0.01,0.68,0.29
7587,0.9354762167789681,0.02,0.0,0.0,0.72,0.26
7588,0.9375510429534014,0.02,0.0,0.0,0.74,0.24
7589,0.9421088548100337,0.03,0.0,0.0,0.76,0.21
7590,0.9371088548100339,0.06,0.0,0.01,0.72,0.21
7591,0.929183680984467,0.06,0.0,0.02,0.68,0.24
7592,0.9478696321145003,0.12,0.0,0.03,0.7,0.15
7593,0.930575280081448,0.14,0.0,0.03,0.67,0.16
7594,0.9554582249680575,0.17,0.0,0.03,0.68,0.12
7595,0.9433333333333332,0.22,0.0,0.03,0.57,0.18
7596,0.9549999999999998,0.2,0.0,0.02,0.68,0.1
7597,0.9499999999999998,0.13,0.0,0.03,0.71,0.13
7598,0.9449999999999997,0.11,0.0,0.03,0.71,0.15
7599,0.6983333333333327,0.08,0.0,0.06,0.71,0.15
7600,0.6966666666666661,0.09,0.0,0.09,0.63,0.19
7601,0.7183333333333328,0.07,0.0,0.12,0.49,0.32
7602,0.7278655317884847,0.08,0.0,0.12,0.41,0.39
7603,0.7411988651218183,0.09,0.0,0.17,0.47,0.27
7604,0.7395705141285062,0.13,0.0,0.16,0.42,0.29
7605,0.766666666666667,0.11,0.0,0.18,0.47,0.24
7606,0.7840643969103032,0.12,0.0,0.21,0.45,0.22
7607,0.8411988651218186,0.27,0.0,0.28,0.31,0.14
7608,0.8361988651218185,0.27,0.0,0.33,0.31,0.09
7609,0.8602039641189783,0.2,0.0,0.45,0.26,0.09
7610,0.917431523402347,0.25,0.0,0.52,0.12,0.11
7611,0.9405797353652351,0.19,0.0,0.64,0.1,0.07
7612,0.9223959496831705,0.18,0.0,0.65,0.07,0.1
7613,0.9159405562013141,0.2,0.0,0.68,0.07,0.05
7614,0.949062616349837,0.14,0.0,0.78,0.04,0.04
7615,0.9236286079636988,0.15,0.0,0.76,0.04,0.05
7616,0.9363783852596249,0.14,0.0,0.75,0.03,0.08
7617,0.926129498243932,0.15,0.0,0.74,0.02,0.09
7618,0.9295659916138618,0.16,0.0,0.78,0.01,0.05
7619,0.9388171155484973,0.18,0.0,0.75,0.02,0.05
7620,0.9490981900690137,0.15,0.0,0.75,0.05,0.05
7621,0.9110957050852221,0.15,0.0,0.69,0.05,0.11
7622,0.9405603172229539,0.15,0.0,0.73,0.04,0.08
7623,0.9298630468046939,0.11,0.0,0.76,0.04,0.09
7624,0.9298630468046934,0.09,0.0,0.81,0.01,0.09
7625,0.9495321984551517,0.05,0.0,0.87,0.0,0.08
7626,0.9333333333333335,0.04,0.0,0.89,0.0,0.07
7627,0.913114418804178,0.03,0.0,0.89,0.0,0.08
7628,0.9157310635769703,0.04,0.0,0.9,0.0,0.06
7629,0.9195321984551517,0.04,0.0,0.89,0.0,0.07
7630,0.9295659916138621,0.04,0.0,0.86,0.0,0.1
7631,0.921061911926512,0.03,0.0,0.86,0.0,0.11
7632,0.9147810854708445,0.04,0.0,0.88,0.0,0.08
7633,0.9243470770847062,0.05,0.0,0.89,0.0,0.06
7634,0.9260137437513734,0.02,0.0,0.9,0.0,0.08
7635,0.9337417324222692,0.02,0.0,0.92,0.0,0.06
7636,0.9285372974523116,0.02,0.0,0.9,0.0,0.08
7637,0.9411988651218184,0.02,0.0,0.94,0.0,0.04
7638,0.9197361625741303,0.0,0.0,0.92,0.02,0.06
7639,0.920263262032122,0.0,0.0,0.89,0.03,0.08
7640,0.8955603172229538,0.0,0.0,0.8,0.05,0.15
7641,0.9223977302436367,0.02,0.0,0.88,0.02,0.08
7642,0.9210281187678021,0.02,0.0,0.83,0.01,0.14
7643,0.9071788157144814,0.0,0.0,0.89,0.0,0.11
7644,0.9445659916138617,0.01,0.0,0.89,0.0,0.1
7645,0.9422464020319015,0.03,0.0,0.85,0.0,0.12
7646,0.9192439170481101,0.03,0.0,0.85,0.0,0.12
7647,0.8904089890112182,0.03,0.0,0.81,0.0,0.16
7648,0.8883759002758336,0.01,0.0,0.77,0.0,0.22
7649,0.875223867640773,0.01,0.0,0.75,0.0,0.24
7650,0.8872813276300563,0.01,0.0,0.74,0.0,0.25
7651,0.9166716197782842,0.0,0.0,0.83,0.01,0.16
7652,0.9263889396038811,0.01,0.0,0.82,0.01,0.16
7653,0.9346779254342483,0.01,0.0,0.86,0.0,0.13
7654,0.9058729698838942,0.0,0.0,0.78,0.0,0.22
7655,0.9225358158783881,0.0,0.0,0.84,0.0,0.16
7656,0.9331493444023329,0.01,0.0,0.85,0.0,0.14
7657,0.9413013770373937,0.01,0.0,0.88,0.0,0.11
7658,0.9341029183142753,0.0,0.0,0.87,0.0,0.13
7659,0.9282912507092569,0.0,0.0,0.88,0.0,0.12
7660,0.9222736862857113,0.0,0.0,0.92,0.0,0.08
7661,0.8917278157453699,0.0,0.0,0.89,0.0,0.11
7662,0.8969516117199593,0.01,0.0,0.89,0.01,0.09
7663,0.9046308896985542,0.01,0.0,0.86,0.02,0.11
7664,0.8879304298731776,0.01,0.0,0.8,0.02,0.17
7665,0.8894995377358864,0.0,0.0,0.8,0.04,0.16
7666,0.8756984028577047,0.02,0.0,0.76,0.04,0.18
7667,0.8655948291077789,0.03,0.0,0.8,0.01,0.16
7668,0.891482606892773,0.06,0.0,0.85,0.01,0.08
7669,0.897213741312636,0.1,0.0,0.83,0.02,0.05
7670,0.8876198173239436,0.09,0.0,0.82,0.02,0.07
7671,0.9110918844130493,0.06,0.0,0.83,0.02,0.09
7672,0.8974049684665759,0.02,0.0,0.88,0.02,0.08
7673,0.8913102090199225,0.01,0.0,0.87,0.02,0.1
7674,0.8923977302436369,0.02,0.0,0.89,0.02,0.07
7675,0.9040643969103034,0.0,0.0,0.91,0.01,0.08
7676,0.8957648567356802,0.0,0.0,0.9,0.01,0.09
7677,0.882899324947195,0.0,0.0,0.92,0.0,0.08
7678,0.8922126088731918,0.0,0.0,0.9,0.0,0.1
7679,0.895,0.0,0.0,0.83,0.0,0.17
7680,0.9146435423532554,0.0,0.0,0.87,0.0,0.13
7681,0.9214477521375115,0.0,0.0,0.88,0.0,0.12
7682,0.9188394505515357,0.0,0.0,0.92,0.0,0.08
7683,0.9083333333333335,0.0,0.0,0.9,0.0,0.1
7684,0.9228655317884851,0.0,0.0,0.88,0.0,0.12
7685,0.9145321984551517,0.0,0.0,0.85,0.0,0.15
7686,0.9083333333333334,0.0,0.0,0.81,0.0,0.19
7687,0.9111988651218185,0.0,0.0,0.81,0.0,0.19
7688,0.9223193647156047,0.0,0.0,0.89,0.0,0.11
7689,0.9077604958602027,0.0,0.0,0.89,0.0,0.11
7690,0.915,0.0,0.0,0.86,0.0,0.14
7691,0.9314477521375112,0.0,0.0,0.88,0.0,0.12
7692,0.9072425813597286,0.0,0.0,0.79,0.0,0.21
7693,0.8945621709416892,0.0,0.0,0.76,0.0,0.24
7694,0.9082263526245644,0.0,0.0,0.8,0.01,0.19
7695,0.893913068698568,0.0,0.0,0.8,0.0,0.2
7696,0.9170274875027463,0.0,0.0,0.85,0.0,0.15
7697,0.9144252177463827,0.0,0.0,0.87,0.0,0.13
7698,0.9342101238893998,0.0,0.0,0.88,0.0,0.12
7699,0.5616666666666666,0.0,0.0,0.89,0.0,0.11
7700,0.5883333333333334,0.0,0.0,0.86,0.0,0.14
7701,0.5700000000000002,0.0,0.0,0.87,0.0,0.13
7702,0.5850000000000002,0.0,0.0,0.87,0.0,0.13
7703,0.5950000000000003,0.0,0.0,0.89,0.0,0.11
7704,0.6166666666666668,0.0,0.0,0.8,0.0,0.2
7705,0.6366666666666668,0.0,0.0,0.84,0.0,0.16
7706,0.6833333333333337,0.0,0.0,0.78,0.0,0.22
7707,0.6700000000000003,0.0,0.0,0.75,0.0,0.25
7708,0.6600000000000005,0.0,0.0,0.69,0.0,0.31
7709,0.6983333333333336,0.0,0.0,0.76,0.0,0.24
7710,0.7200000000000003,0.0,0.0,0.79,0.0,0.21
7711,0.7324011527615482,0.0,0.0,0.7,0.0,0.3
7712,0.7069582834408824,0.0,0.0,0.72,0.0,0.28
7713,0.7494514661688106,0.0,0.0,0.69,0.0,0.31
7714,0.7507499667383661,0.0,0.0,0.69,0.0,0.31
7715,0.769184670572416,0.0,0.0,0.68,0.0,0.32
7716,0.7730777243706162,0.0,0.0,0.67,0.0,0.33
7717,0.7807002550529925,0.0,0.0,0.68,0.01,0.31
7718,0.7626616947697847,0.0,0.0,0.67,0.02,0.31
7719,0.7739353741615187,0.0,0.0,0.69,0.02,0.29
7720,0.7912083167025162,0.0,0.0,0.77,0.02,0.21
7721,0.7685871157191931,0.0,0.0,0.74,0.02,0.24
7722,0.7799377935866917,0.0,0.0,0.67,0.02,0.31
7723,0.7946430205365664,0.0,0.0,0.64,0.0,0.36
7724,0.7924166334050323,0.0,0.0,0.64,0.0,0.36
7725,0.786208316702516,0.0,0.0,0.7,0.0,0.3
7726,0.8057499667383656,0.0,0.0,0.62,0.0,0.38
7727,0.7966666666666665,0.0,0.0,0.67,0.0,0.33
7728,0.7966666666666665,0.0,0.0,0.68,0.0,0.32
7729,0.7999999999999998,0.0,0.0,0.7,0.0,0.3
7730,0.7974011527615478,0.0,0.0,0.74,0.0,0.26
7731,0.8096461768124762,0.01,0.0,0.76,0.0,0.23
7732,0.7849999999999998,0.0,0.0,0.78,0.0,0.22
7733,0.7850061855707505,0.01,0.0,0.76,0.0,0.23
7734,0.8013128434791428,0.01,0.0,0.69,0.01,0.29
7735,0.7899999999999998,0.0,0.0,0.61,0.01,0.38
7736,0.8163128434791429,0.0,0.0,0.52,0.02,0.46
7737,0.8079795101458095,0.0,0.0,0.5,0.01,0.49
7738,0.8049999999999997,0.0,0.0,0.52,0.0,0.48
7739,0.8190523387847297,0.0,0.0,0.54,0.0,0.46
7740,0.8050216662142351,0.0,0.0,0.57,0.0,0.43
7741,0.7919644690116329,0.01,0.0,0.52,0.0,0.47
7742,0.8173856721180631,0.01,0.0,0.57,0.0,0.42
7743,0.7833333333333331,0.02,0.0,0.53,0.0,0.45
7744,0.7914203995506105,0.02,0.0,0.55,0.0,0.43
7745,0.8147289103937984,0.0,0.0,0.47,0.0,0.53
7746,0.8118694076680998,0.0,0.0,0.38,0.0,0.62
7747,0.784526169392365,0.0,0.0,0.38,0.0,0.62
7748,0.8101013705007165,0.0,0.0,0.48,0.0,0.52
7749,0.8028595027256984,0.0,0.0,0.44,0.0,0.56
7750,0.8101075560714673,0.0,0.0,0.49,0.0,0.51
7751,0.8099999999999998,0.0,0.0,0.38,0.0,0.62
7752,0.8038133495117188,0.0,0.0,0.39,0.0,0.61
7753,0.8102451748437615,0.0,0.0,0.44,0.0,0.56
7754,0.8128595027256981,0.0,0.0,0.37,0.0,0.63
7755,0.8251013705007163,0.0,0.0,0.42,0.0,0.58
7756,0.8085360743347665,0.0,0.0,0.41,0.0,0.59
7757,0.7955813866791023,0.0,0.0,0.33,0.0,0.67
7758,0.8273856721180631,0.0,0.0,0.22,0.0,0.78
7759,0.8145261693923649,0.0,0.0,0.14,0.0,0.86
7760,0.8007190054513965,0.0,0.0,0.17,0.01,0.82
7761,0.8001013705007164,0.0,0.0,0.16,0.0,0.84
7762,0.7984347038340498,0.0,0.0,0.16,0.0,0.84
7763,0.8001075560714674,0.0,0.0,0.19,0.0,0.81
7764,0.7952089265721841,0.0,0.0,0.23,0.0,0.77
7765,0.7853102970729009,0.0,0.0,0.29,0.0,0.71
7766,0.8052792903243291,0.01,0.0,0.25,0.0,0.74
7767,0.8087388153362,0.01,0.0,0.28,0.0,0.71
7768,0.7973545973520844,0.02,0.0,0.28,0.0,0.7
7769,0.8155865601847009,0.02,0.0,0.27,0.0,0.71
7770,0.7806062091692477,0.02,0.0,0.29,0.0,0.69
7771,0.8093067386015066,0.02,0.0,0.32,0.0,0.66
7772,0.8177084205396079,0.03,0.0,0.28,0.0,0.69
7773,0.8188515449132662,0.05,0.0,0.37,0.0,0.58
7774,0.8097713442361268,0.02,0.0,0.39,0.0,0.59
7775,0.8072159530125782,0.01,0.0,0.45,0.0,0.54
7776,0.8172159530125783,0.0,0.0,0.4,0.0,0.6
7777,0.8072480533457689,0.0,0.0,0.38,0.0,0.62
7778,0.8071332194312562,0.0,0.0,0.32,0.01,0.67
7779,0.8181201582129448,0.0,0.0,0.32,0.01,0.67
7780,0.8096337254638323,0.0,0.0,0.31,0.0,0.69
7781,0.8016666666666664,0.01,0.0,0.32,0.0,0.67
7782,0.783339518904084,0.01,0.0,0.32,0.0,0.67
7783,0.78905233878473,0.01,0.0,0.28,0.0,0.71
7784,0.793339518904084,0.0,0.0,0.31,0.0,0.69
7785,0.762632884594189,0.0,0.0,0.24,0.0,0.76
7786,0.7911928360590318,0.0,0.0,0.29,0.0,0.71
7787,0.803333333333333,0.0,0.0,0.35,0.0,0.65
7788,0.8202451748437616,0.0,0.0,0.36,0.0,0.64
7789,0.8173856721180631,0.0,0.0,0.36,0.0,0.64
7790,0.8145261693923648,0.0,0.0,0.38,0.0,0.62
7791,0.8123856721180632,0.0,0.0,0.39,0.0,0.61
7792,0.7893671569786062,0.0,0.0,0.34,0.0,0.66
7793,0.8179929958067214,0.0,0.0,0.34,0.0,0.66
7794,0.7954800161783858,0.0,0.0,0.27,0.0,0.73
7795,0.8157190054513965,0.0,0.0,0.24,0.0,0.76
7796,0.8202513604145123,0.0,0.0,0.2,0.0,0.8
7797,0.8113397703482788,0.0,0.0,0.19,0.0,0.81
7798,0.8136001743913304,0.0,0.0,0.24,0.0,0.76
7799,0.6666666666666665,0.0,0.0,0.3,0.0,0.7
7800,0.6916666666666668,0.0,0.0,0.36,0.0,0.64
7801,0.6733333333333335,0.0,0.0,0.38,0.0,0.62
7802,0.7000000000000002,0.02,0.0,0.38,0.0,0.6
7803,0.7148930995135885,0.01,0.0,0.38,0.0,0.61
7804,0.7133333333333333,0.01,0.0,0.4,0.0,0.59
7805,0.7251168155204064,0.01,0.0,0.44,0.0,0.55
7806,0.7417834821870727,0.0,0.0,0.44,0.0,0.56
7807,0.7685669643741457,0.0,0.0,0.57,0.0,0.43
7808,0.7669002977074788,0.0,0.0,0.58,0.0,0.42
7809,0.7819002977074794,0.0,0.0,0.58,0.0,0.42
7810,0.7819433493168825,0.0,0.0,0.65,0.0,0.35
7811,0.7769002977074787,0.0,0.0,0.68,0.0,0.32
7812,0.7888005954149578,0.0,0.0,0.61,0.0,0.39
7813,0.7689604625447685,0.0,0.0,0.52,0.0,0.48
7814,0.7769002977074791,0.0,0.0,0.63,0.0,0.37
7815,0.8117834821870724,0.0,0.0,0.7,0.0,0.3
7816,0.8070171132278848,0.0,0.0,0.73,0.0,0.27
7817,0.8188005954149579,0.01,0.0,0.79,0.0,0.2
7818,0.8403934981706217,0.02,0.0,0.86,0.01,0.11
7819,0.832367559789104,0.02,0.0,0.82,0.01,0.15
7820,0.8308177086428438,0.01,0.0,0.82,0.01,0.16
7821,0.8352336310408124,0.03,0.0,0.88,0.0,0.09
7822,0.8186837798945517,0.02,0.0,0.85,0.0,0.13
7823,0.8438005954149581,0.0,0.0,0.83,0.0,0.17
7824,0.8238005954149584,0.0,0.0,0.81,0.0,0.19
7825,0.8453710366061717,0.0,0.0,0.86,0.0,0.14
7826,0.8599999999999999,0.0,0.0,0.94,0.0,0.06
7827,0.875,0.0,0.0,0.96,0.0,0.04
7828,0.8483333333333333,0.0,0.0,0.93,0.0,0.07
7829,0.858333333333333,0.01,0.0,0.88,0.0,0.11
7830,0.8700000000000003,0.0,0.0,0.9,0.0,0.1
7831,0.8849999999999997,0.0,0.0,0.91,0.0,0.09
7832,0.8683333333333334,0.01,0.0,0.89,0.0,0.1
7833,0.8983333333333331,0.04,0.0,0.88,0.0,0.08
7834,0.856666666666667,0.02,0.0,0.86,0.0,0.12
7835,0.8733333333333332,0.01,0.0,0.84,0.0,0.15
7836,0.8866666666666667,0.01,0.0,0.85,0.0,0.14
7837,0.8816666666666672,0.0,0.0,0.83,0.0,0.17
7838,0.8666666666666665,0.0,0.0,0.8,0.0,0.2
7839,0.8883333333333335,0.0,0.0,0.85,0.0,0.15
7840,0.8733333333333334,0.0,0.0,0.78,0.0,0.22
7841,0.8666666666666668,0.01,0.0,0.8,0.0,0.19
7842,0.895,0.0,0.0,0.85,0.0,0.15
7843,0.9066666666666668,0.0,0.0,0.9,0.0,0.1
7844,0.9016666666666672,0.0,0.0,0.92,0.0,0.08
7845,0.9216666666666669,0.0,0.0,0.89,0.0,0.11
7846,0.9133333333333333,0.0,0.0,0.91,0.0,0.09
7847,0.9049999999999998,0.0,0.0,0.87,0.0,0.13
7848,0.8983333333333335,0.0,0.0,0.86,0.0,0.14
7849,0.9216666666666669,0.0,0.0,0.9,0.0,0.1
7850,0.8950000000000001,0.0,0.0,0.81,0.0,0.19
7851,0.9015179325360088,0.0,0.0,0.83,0.0,0.17
7852,0.9033333333333334,0.0,0.0,0.85,0.0,0.15
7853,0.8900000000000002,0.0,0.0,0.84,0.0,0.16
7854,0.91,0.0,0.0,0.89,0.0,0.11
7855,0.888348814984004,0.01,0.0,0.86,0.0,0.13
7856,0.9033333333333334,0.03,0.0,0.88,0.0,0.09
7857,0.9133333333333334,0.03,0.0,0.83,0.0,0.14
7858,0.9033333333333339,0.06,0.0,0.84,0.0,0.1
7859,0.9016666666666667,0.01,0.0,0.86,0.0,0.13
7860,0.8999999999999999,0.0,0.0,0.87,0.0,0.13
7861,0.8833333333333335,0.01,0.0,0.78,0.0,0.21
7862,0.8733763849427367,0.02,0.0,0.77,0.0,0.21
7863,0.8716666666666667,0.02,0.0,0.79,0.0,0.19
7864,0.855,0.0,0.0,0.76,0.0,0.24
7865,0.8450430516094037,0.0,0.0,0.72,0.0,0.28
7866,0.8550430516094041,0.01,0.0,0.68,0.0,0.31
7867,0.8666666666666668,0.0,0.0,0.74,0.0,0.26
7868,0.8566872567116199,0.0,0.0,0.74,0.0,0.26
7869,0.876666666666667,0.01,0.0,0.78,0.0,0.21
7870,0.8883539233782866,0.0,0.0,0.82,0.0,0.18
7871,0.8616666666666667,0.01,0.0,0.78,0.0,0.21
7872,0.8849999999999999,0.0,0.0,0.76,0.0,0.24
7873,0.8749999999999999,0.0,0.0,0.73,0.0,0.27
7874,0.8816666666666666,0.0,0.0,0.78,0.0,0.22
7875,0.8916666666666668,0.0,0.0,0.77,0.0,0.23
7876,0.9033333333333333,0.0,0.0,0.84,0.0,0.16
7877,0.9200636416543566,0.0,0.0,0.85,0.0,0.15
7878,0.90168725671162,0.0,0.0,0.8,0.0,0.2
7879,0.9183539233782869,0.0,0.0,0.91,0.0,0.09
7880,0.9200411800899062,0.01,0.0,0.86,0.0,0.13
7881,0.9000000000000002,0.0,0.0,0.86,0.0,0.14
7882,0.885,0.0,0.0,0.81,0.0,0.19
7883,0.9050000000000001,0.01,0.0,0.85,0.0,0.14
7884,0.9238735537999027,0.01,0.0,0.88,0.0,0.11
7885,0.9338735537999028,0.0,0.0,0.93,0.0,0.07
7886,0.9533333333333335,0.01,0.0,0.94,0.0,0.05
7887,0.9483333333333331,0.01,0.0,0.95,0.0,0.04
7888,0.9467129949390469,0.02,0.0,0.94,0.0,0.04
7889,0.9500000000000002,0.01,0.0,0.95,0.0,0.04
7890,0.9233333333333333,0.01,0.0,0.94,0.0,0.05
7891,0.9383333333333335,0.02,0.0,0.89,0.0,0.09
7892,0.91,0.01,0.0,0.89,0.0,0.1
7893,0.9438735537999028,0.01,0.0,0.89,0.0,0.1
7894,0.9333333333333335,0.02,0.0,0.9,0.0,0.08
7895,0.9266666666666665,0.01,0.0,0.89,0.01,0.09
7896,0.918873553799903,0.02,0.0,0.87,0.01,0.1
7897,0.9105402204665697,0.01,0.0,0.85,0.01,0.13
7898,0.916666666666667,0.02,0.0,0.8,0.04,0.14
7899,0.5149999999999997,0.03,0.0,0.83,0.0,0.14
7900,0.5099999999999999,0.01,0.0,0.79,0.0,0.2
7901,0.5299999999999997,0.0,0.0,0.74,0.0,0.26
7902,0.5766666666666665,0.02,0.0,0.64,0.0,0.34
7903,0.57,0.03,0.0,0.63,0.0,0.34
7904,0.6383333333333333,0.03,0.0,0.5,0.01,0.46
7905,0.6600000000000003,0.02,0.0,0.53,0.02,0.43
7906,0.6733333333333336,0.03,0.0,0.58,0.03,0.36
7907,0.7070427123262926,0.02,0.0,0.61,0.07,0.3
7908,0.7334122058390286,0.01,0.0,0.65,0.08,0.26
7909,0.755,0.0,0.0,0.66,0.1,0.24
7910,0.7587093789929591,0.0,0.0,0.6,0.06,0.34
7911,0.7666666666666668,0.0,0.0,0.6,0.06,0.34
7912,0.7716666666666666,0.0,0.0,0.58,0.06,0.36
7913,0.7716666666666666,0.0,0.0,0.6,0.09,0.31
7914,0.7850000000000001,0.0,0.0,0.57,0.11,0.32
7915,0.7833333333333335,0.0,0.0,0.48,0.16,0.36
7916,0.8066666666666664,0.0,0.0,0.49,0.28,0.23
7917,0.8116666666666665,0.01,0.0,0.5,0.28,0.21
7918,0.8249999999999998,0.0,0.0,0.47,0.32,0.21
7919,0.8384122058390281,0.0,0.0,0.39,0.38,0.23
7920,0.8617455391723616,0.0,0.0,0.35,0.47,0.18
7921,0.8933333333333329,0.0,0.0,0.32,0.54,0.14
7922,0.8784910783447231,0.0,0.0,0.31,0.5,0.19
7923,0.8786488233561134,0.0,0.0,0.21,0.57,0.22
7924,0.8934910783447232,0.0,0.0,0.08,0.64,0.28
7925,0.9005337906710159,0.01,0.0,0.07,0.66,0.26
7926,0.9250788725056949,0.03,0.0,0.04,0.72,0.21
7927,0.9218244116780567,0.04,0.0,0.03,0.75,0.18
7928,0.9517455391723615,0.07,0.0,0.02,0.79,0.12
7929,0.9183333333333333,0.06,0.0,0.04,0.74,0.16
7930,0.9,0.04,0.0,0.05,0.73,0.18
7931,0.9266666666666665,0.07,0.0,0.04,0.75,0.14
7932,0.9317455391723617,0.06,0.0,0.01,0.8,0.13
7933,0.9400788725056951,0.06,0.0,0.02,0.81,0.11
7934,0.965,0.07,0.0,0.02,0.84,0.07
7935,0.9385699508504186,0.07,0.0,0.0,0.8,0.13
7936,0.9516666666666664,0.08,0.0,0.0,0.82,0.1
7937,0.9167455391723617,0.08,0.0,0.01,0.76,0.15
7938,0.9523282853814148,0.1,0.0,0.02,0.75,0.13
7939,0.9583333333333331,0.16,0.0,0.02,0.74,0.08
7940,0.9350000000000002,0.13,0.0,0.02,0.74,0.11
7941,0.9584122058390284,0.12,0.0,0.02,0.78,0.08
7942,0.9316666666666665,0.17,0.0,0.02,0.62,0.19
7943,0.9483333333333331,0.17,0.0,0.03,0.64,0.16
7944,0.96,0.21,0.0,0.03,0.62,0.14
7945,0.9399999999999997,0.16,0.0,0.04,0.67,0.13
7946,0.9349999999999997,0.12,0.0,0.07,0.68,0.13
7947,0.9567455391723614,0.09,0.0,0.05,0.77,0.09
7948,0.9488388337736788,0.09,0.0,0.1,0.76,0.05
7949,0.953333333333333,0.08,0.0,0.1,0.74,0.08
7950,0.9466666666666664,0.09,0.0,0.1,0.74,0.07
7951,0.945,0.11,0.0,0.05,0.73,0.11
7952,0.95,0.09,0.0,0.03,0.79,0.09
7953,0.9483333333333331,0.09,0.0,0.09,0.74,0.08
7954,0.9450788725056948,0.11,0.0,0.06,0.73,0.1
7955,0.9434122058390283,0.11,0.0,0.04,0.73,0.12
7956,0.9542442157341188,0.14,0.0,0.07,0.74,0.05
7957,0.9000788725056948,0.07,0.0,0.11,0.73,0.09
7958,0.9183333333333333,0.05,0.0,0.04,0.77,0.14
7959,0.9384122058390283,0.04,0.0,0.07,0.75,0.14
7960,0.940740491220443,0.02,0.0,0.04,0.79,0.15
7961,0.91515774501139,0.02,0.0,0.03,0.77,0.18
7962,0.9101577450113902,0.01,0.0,0.02,0.75,0.22
7963,0.9100120115902125,0.0,0.0,0.01,0.75,0.24
7964,0.8850788725056954,0.0,0.0,0.03,0.71,0.26
7965,0.9103183314885738,0.02,0.0,0.03,0.75,0.2
7966,0.9133333333333334,0.03,0.0,0.04,0.79,0.14
7967,0.9416666666666665,0.05,0.0,0.01,0.81,0.13
7968,0.9550788725056951,0.05,0.0,0.0,0.81,0.14
7969,0.9266666666666669,0.01,0.0,0.0,0.77,0.22
7970,0.9333333333333331,0.01,0.0,0.0,0.8,0.19
7971,0.9533333333333333,0.0,0.0,0.0,0.82,0.18
7972,0.9516666666666665,0.01,0.0,0.0,0.83,0.16
7973,0.9466666666666665,0.0,0.0,0.0,0.86,0.14
7974,0.9434122058390284,0.0,0.0,0.0,0.84,0.16
7975,0.943491078344723,0.0,0.0,0.0,0.82,0.18
7976,0.936824411678057,0.0,0.0,0.0,0.87,0.13
7977,0.9485699508504186,0.0,0.0,0.0,0.85,0.15
7978,0.9219032841837518,0.01,0.0,0.0,0.77,0.22
7979,0.94515774501139,0.01,0.0,0.0,0.83,0.16
7980,0.9649999999999999,0.0,0.0,0.0,0.91,0.09
7981,0.9666666666666666,0.0,0.0,0.0,0.93,0.07
7982,0.9616666666666666,0.0,0.0,0.0,0.89,0.11
7983,0.9555055004403455,0.01,0.0,0.0,0.89,0.1
7984,0.9605055004403452,0.03,0.0,0.0,0.88,0.09
7985,0.9321721671070121,0.02,0.0,0.0,0.82,0.16
7986,0.9443443342140243,0.01,0.0,0.01,0.82,0.16
7987,0.93,0.01,0.0,0.0,0.78,0.21
7988,0.93,0.03,0.0,0.0,0.77,0.2
7989,0.925,0.05,0.0,0.0,0.72,0.23
7990,0.9516666666666664,0.07,0.0,0.0,0.75,0.18
7991,0.9433333333333332,0.05,0.0,0.01,0.76,0.18
7992,0.9566666666666666,0.03,0.0,0.0,0.83,0.14
7993,0.945,0.02,0.0,0.0,0.84,0.14
7994,0.9483333333333335,0.01,0.0,0.0,0.83,0.16
7995,0.9316666666666665,0.01,0.0,0.0,0.81,0.18
7996,0.9366666666666664,0.02,0.0,0.0,0.82,0.16
7997,0.9316666666666665,0.04,0.0,0.0,0.78,0.18
7998,0.9733333333333333,0.01,0.0,0.0,0.89,0.1
7999,0.6716666666666659,0.03,0.0,0.0,0.94,0.03
8000,0.671666666666666,0.02,0.0,0.0,0.9,0.08
8001,0.6707203903019794,0.02,0.0,0.0,0.86,0.12
8002,0.6766666666666662,0.01,0.0,0.0,0.82,0.17
8003,0.6694423510463428,0.0,0.0,0.0,0.81,0.19
8004,0.672055294077696,0.0,0.0,0.0,0.85,0.15
8005,0.6797127533865717,0.0,0.0,0.0,0.85,0.15
8006,0.6773870569686461,0.0,0.0,0.0,0.82,0.18
8007,0.6823870569686461,0.0,0.0,0.0,0.77,0.23
8008,0.6833333333333327,0.0,0.0,0.0,0.71,0.29
8009,0.693333333333333,0.0,0.0,0.0,0.72,0.28
8010,0.6902824330561537,0.0,0.0,0.0,0.74,0.26
8011,0.6903618644090916,0.01,0.0,0.0,0.61,0.38
8012,0.6983333333333331,0.0,0.0,0.0,0.59,0.41
8013,0.7030767669952657,0.0,0.0,0.01,0.57,0.42
8014,0.7106897100266191,0.01,0.0,0.01,0.59,0.39
8015,0.7286966529325002,0.03,0.0,0.01,0.62,0.34
8016,0.740145897075124,0.03,0.0,0.03,0.59,0.35
8017,0.7411913395951026,0.03,0.0,0.04,0.53,0.4
8018,0.7568432440171514,0.01,0.0,0.07,0.49,0.43
8019,0.7609017613587438,0.03,0.0,0.06,0.52,0.39
8020,0.7633750562113257,0.03,0.0,0.06,0.52,0.39
8021,0.7758986603896865,0.0,0.0,0.07,0.45,0.48
8022,0.7775361461806521,0.0,0.0,0.1,0.43,0.47
8023,0.7864708833936809,0.0,0.0,0.14,0.47,0.39
8024,0.7874734971758381,0.01,0.0,0.16,0.35,0.48
8025,0.8025706630243802,0.01,0.0,0.23,0.38,0.38
8026,0.7887354690445163,0.0,0.0,0.22,0.32,0.46
8027,0.7954021357111833,0.0,0.0,0.24,0.32,0.44
8028,0.8033970267785645,0.0,0.0,0.28,0.28,0.44
8029,0.8136100873465557,0.0,0.0,0.27,0.31,0.42
8030,0.8132653146516993,0.0,0.0,0.35,0.3,0.35
8031,0.8112785879864842,0.01,0.0,0.34,0.28,0.37
8032,0.806081927009063,0.01,0.0,0.26,0.29,0.44
8033,0.8049416502634743,0.02,0.0,0.24,0.33,0.41
8034,0.8402081353302804,0.03,0.0,0.31,0.23,0.43
8035,0.8003955554986476,0.05,0.0,0.25,0.22,0.48
8036,0.8143265580325185,0.03,0.0,0.3,0.2,0.47
8037,0.8179587580675519,0.07,0.0,0.35,0.14,0.44
8038,0.8297043902819535,0.06,0.0,0.4,0.12,0.42
8039,0.819767206022749,0.07,0.0,0.39,0.13,0.41
8040,0.8260106477296029,0.09,0.0,0.32,0.11,0.48
8041,0.8233899370326162,0.15,0.0,0.34,0.05,0.46
8042,0.813855212437238,0.18,0.0,0.35,0.02,0.45
8043,0.8403764953115588,0.21,0.0,0.34,0.03,0.42
8044,0.8469484605556252,0.24,0.0,0.33,0.05,0.38
8045,0.8643944136490505,0.26,0.0,0.31,0.07,0.36
8046,0.8670325653298014,0.24,0.0,0.38,0.01,0.37
8047,0.8682501037008692,0.19,0.0,0.39,0.01,0.41
8048,0.8810428647275893,0.23,0.0,0.37,0.04,0.36
8049,0.8471345248846223,0.26,0.0,0.4,0.04,0.3
8050,0.8826498722030675,0.25,0.0,0.49,0.01,0.25
8051,0.8889816849036172,0.3,0.0,0.46,0.03,0.21
8052,0.8711169692404751,0.3,0.0,0.38,0.05,0.27
8053,0.9029343254169657,0.26,0.0,0.47,0.03,0.24
8054,0.9266489146626617,0.28,0.0,0.47,0.02,0.23
8055,0.8798972809929433,0.36,0.0,0.43,0.03,0.18
8056,0.8634623033311289,0.34,0.0,0.39,0.05,0.22
8057,0.9035047856613576,0.34,0.0,0.46,0.03,0.17
8058,0.8741520133577483,0.25,0.0,0.5,0.03,0.22
8059,0.8863399449230323,0.23,0.0,0.57,0.0,0.2
8060,0.8895786787229752,0.21,0.0,0.57,0.0,0.22
8061,0.9023150182369506,0.21,0.0,0.57,0.0,0.22
8062,0.9154992979455523,0.28,0.0,0.5,0.01,0.21
8063,0.9099148859899571,0.29,0.0,0.49,0.03,0.19
8064,0.9196243008603254,0.28,0.0,0.51,0.05,0.16
8065,0.9091809922735764,0.2,0.0,0.56,0.04,0.2
8066,0.9396891018164605,0.16,0.0,0.67,0.03,0.14
8067,0.9417741997366609,0.19,0.0,0.65,0.02,0.14
8068,0.9242324340955578,0.17,0.0,0.7,0.03,0.1
8069,0.9288334110877802,0.16,0.0,0.69,0.03,0.12
8070,0.9497741139372934,0.17,0.0,0.71,0.01,0.11
8071,0.9515789939493148,0.12,0.0,0.74,0.0,0.14
8072,0.9517093987805261,0.06,0.0,0.8,0.0,0.14
8073,0.9350427321138594,0.09,0.0,0.71,0.0,0.2
8074,0.9504945042392731,0.14,0.0,0.72,0.03,0.11
8075,0.9547741139372932,0.19,0.0,0.71,0.02,0.08
8076,0.9654945042392731,0.16,0.0,0.79,0.0,0.05
8077,0.9690537236353134,0.22,0.0,0.72,0.0,0.06
8078,0.9502686181765663,0.2,0.0,0.69,0.02,0.09
8079,0.9620913468165543,0.17,0.0,0.72,0.04,0.07
8080,0.9364407806039601,0.19,0.0,0.66,0.05,0.1
8081,0.9301359783463851,0.23,0.0,0.62,0.05,0.1
8082,0.9266666666666669,0.18,0.0,0.66,0.06,0.1
8083,0.9201523921409358,0.18,0.0,0.67,0.07,0.08
8084,0.9380376231812413,0.17,0.0,0.7,0.05,0.08
8085,0.9483333333333336,0.11,0.0,0.78,0.05,0.06
8086,0.9320285310757589,0.09,0.0,0.8,0.07,0.04
8087,0.9366666666666665,0.08,0.0,0.8,0.06,0.06
8088,0.9483333333333335,0.09,0.0,0.8,0.05,0.06
8089,0.9353618644090921,0.11,0.0,0.79,0.03,0.07
8090,0.9544155880444055,0.08,0.0,0.88,0.01,0.03
8091,0.9590537236353133,0.07,0.0,0.89,0.01,0.03
8092,0.9674825382001423,0.06,0.0,0.86,0.01,0.07
8093,0.9672566521374354,0.05,0.0,0.9,0.0,0.05
8094,0.971379420053239,0.04,0.0,0.89,0.0,0.07
8095,0.9603939998745271,0.05,0.0,0.88,0.0,0.07
8096,0.9520299862658337,0.07,0.0,0.82,0.0,0.11
8097,0.9285712712345392,0.06,0.0,0.74,0.0,0.2
8098,0.9415559974037236,0.04,0.0,0.76,0.0,0.2
8099,0.5333333333333333,0.06,0.0,0.79,0.01,0.14
8100,0.5683333333333332,0.13,0.0,0.71,0.01,0.15
8101,0.6386090089691481,0.25,0.0,0.47,0.03,0.25
8102,0.6971931328305679,0.36,0.0,0.38,0.04,0.22
8103,0.75,0.44,0.0,0.35,0.02,0.19
8104,0.7838597994972346,0.59,0.0,0.22,0.05,0.14
8105,0.8390810294454181,0.63,0.0,0.15,0.11,0.11
8106,0.8340810294454181,0.59,0.0,0.14,0.15,0.12
8107,0.8931620588908359,0.56,0.0,0.12,0.26,0.06
8108,0.9074143627787512,0.49,0.0,0.12,0.35,0.04
8109,0.9155764216695872,0.46,0.0,0.08,0.39,0.07
8110,0.9303315310878542,0.46,0.0,0.03,0.41,0.1
8111,0.9062945572017687,0.39,0.0,0.02,0.48,0.11
8112,0.9453460260672835,0.38,0.0,0.01,0.49,0.12
8113,0.9429907844483385,0.36,0.0,0.02,0.52,0.1
8114,0.952819510005841,0.35,0.0,0.01,0.52,0.12
8115,0.9355297313589871,0.37,0.0,0.03,0.44,0.16
8116,0.9458102944541794,0.41,0.0,0.02,0.4,0.17
8117,0.9276186749834406,0.33,0.0,0.03,0.47,0.17
8118,0.9453551917214039,0.38,0.0,0.02,0.46,0.14
8119,0.9458520973054021,0.36,0.0,0.02,0.48,0.14
8120,0.9125483245519719,0.28,0.0,0.05,0.48,0.19
8121,0.9129112683627494,0.36,0.0,0.04,0.44,0.16
8122,0.9274143627787512,0.37,0.0,0.07,0.45,0.11
8123,0.9281324983109327,0.4,0.0,0.07,0.4,0.13
8124,0.9067710678599841,0.35,0.0,0.08,0.44,0.13
8125,0.9455764216695871,0.38,0.0,0.06,0.45,0.11
8126,0.9434731950529072,0.36,0.0,0.07,0.45,0.12
8127,0.9398287255575022,0.45,0.0,0.05,0.35,0.15
8128,0.9348287255575026,0.47,0.0,0.05,0.35,0.13
8129,0.9312741622759859,0.42,0.0,0.05,0.4,0.13
8130,0.9385172506122396,0.37,0.0,0.06,0.44,0.13
8131,0.9387239855809937,0.37,0.0,0.08,0.45,0.1
8132,0.9240810294454179,0.31,0.0,0.04,0.52,0.13
8133,0.9683333333333333,0.36,0.0,0.0,0.53,0.11
8134,0.9421931328305678,0.36,0.0,0.03,0.47,0.14
8135,0.9214921303167408,0.31,0.0,0.05,0.46,0.18
8136,0.904298997486173,0.26,0.0,0.07,0.5,0.17
8137,0.896778819949358,0.18,0.0,0.1,0.59,0.13
8138,0.9114158761385802,0.17,0.0,0.08,0.63,0.12
8139,0.9166666666666665,0.15,0.0,0.06,0.69,0.1
8140,0.9483333333333333,0.12,0.0,0.01,0.76,0.11
8141,0.9543862656611357,0.09,0.0,0.02,0.8,0.09
8142,0.9621931328305677,0.08,0.0,0.0,0.85,0.07
8143,0.9499999999999997,0.07,0.0,0.0,0.82,0.11
8144,0.9175560766413454,0.04,0.0,0.0,0.79,0.17
8145,0.9392227433080123,0.02,0.0,0.0,0.85,0.13
8146,0.9533333333333333,0.02,0.0,0.0,0.86,0.12
8147,0.9537320311144925,0.03,0.0,0.0,0.87,0.1
8148,0.9658894099746789,0.04,0.0,0.0,0.88,0.08
8149,0.9449999999999998,0.06,0.0,0.0,0.83,0.11
8150,0.9266666666666665,0.07,0.0,0.0,0.78,0.15
8151,0.9524143627787514,0.06,0.0,0.0,0.82,0.12
8152,0.9516666666666667,0.02,0.0,0.0,0.87,0.11
8153,0.955,0.04,0.0,0.0,0.86,0.1
8154,0.9716666666666667,0.05,0.0,0.0,0.87,0.08
8155,0.9608894099746788,0.05,0.0,0.01,0.85,0.09
8156,0.9558894099746789,0.07,0.0,0.01,0.85,0.07
8157,0.9516666666666664,0.06,0.0,0.0,0.82,0.12
8158,0.9433333333333331,0.05,0.0,0.0,0.78,0.17
8159,0.8984454866160243,0.04,0.0,0.01,0.68,0.27
8160,0.9066666666666664,0.04,0.0,0.0,0.68,0.28
8161,0.9316666666666664,0.01,0.0,0.0,0.76,0.23
8162,0.9133333333333333,0.0,0.0,0.01,0.7,0.29
8163,0.8883333333333333,0.01,0.0,0.0,0.69,0.3
8164,0.8990810294454178,0.02,0.0,0.0,0.69,0.29
8165,0.9199999999999995,0.01,0.0,0.0,0.73,0.26
8166,0.933333333333333,0.02,0.0,0.0,0.74,0.24
8167,0.9249999999999998,0.0,0.0,0.0,0.78,0.22
8168,0.9316666666666665,0.0,0.0,0.01,0.78,0.21
8169,0.944222743308012,0.0,0.0,0.0,0.83,0.17
8170,0.9005622201342827,0.01,0.0,0.0,0.71,0.28
8171,0.9421931328305678,0.02,0.0,0.01,0.81,0.16
8172,0.9360529323278024,0.0,0.0,0.0,0.84,0.16
8173,0.9183333333333333,0.0,0.0,0.0,0.78,0.22
8174,0.935,0.0,0.0,0.0,0.83,0.17
8175,0.9566666666666667,0.0,0.0,0.01,0.86,0.13
8176,0.9549999999999998,0.01,0.0,0.0,0.86,0.13
8177,0.9566666666666667,0.01,0.0,0.0,0.85,0.14
8178,0.965,0.0,0.0,0.0,0.88,0.12
8179,0.9416666666666665,0.0,0.0,0.01,0.79,0.2
8180,0.9266666666666667,0.0,0.0,0.0,0.8,0.2
8181,0.9390810294454179,0.0,0.0,0.0,0.81,0.19
8182,0.9548287255575023,0.0,0.0,0.01,0.79,0.2
8183,0.9314953922241691,0.01,0.0,0.0,0.68,0.31
8184,0.9207476961120846,0.01,0.0,0.0,0.68,0.31
8185,0.8989097550029203,0.02,0.0,0.0,0.59,0.39
8186,0.8785172506122397,0.02,0.0,0.0,0.54,0.44
8187,0.9085219950447267,0.02,0.0,0.01,0.59,0.38
8188,0.9148544179608734,0.02,0.0,0.01,0.63,0.34
8189,0.9031714398198162,0.01,0.0,0.0,0.58,0.41
8190,0.9246201384457281,0.03,0.0,0.0,0.64,0.33
8191,0.8997121510531781,0.06,0.0,0.01,0.59,0.34
8192,0.9107603389484937,0.03,0.0,0.02,0.64,0.31
8193,0.9243275450664192,0.02,0.0,0.05,0.62,0.31
8194,0.9448913238995974,0.03,0.0,0.06,0.67,0.24
8195,0.9082246572329304,0.04,0.0,0.05,0.58,0.33
8196,0.9176482355633433,0.03,0.0,0.02,0.63,0.32
8197,0.9173104311108358,0.05,0.0,0.0,0.63,0.32
8198,0.9337011678911459,0.03,0.0,0.0,0.73,0.24
8199,0.6583333333333329,0.06,0.0,0.01,0.65,0.28
8200,0.6663529933168121,0.05,0.0,0.03,0.56,0.36
8201,0.6857256466171044,0.05,0.0,0.04,0.5,0.41
8202,0.6890589799504374,0.04,0.0,0.08,0.48,0.4
8203,0.6793726533002915,0.03,0.0,0.08,0.53,0.36
8204,0.6963529933168122,0.07,0.0,0.03,0.53,0.37
8205,0.7223923132837717,0.12,0.0,0.05,0.43,0.4
8206,0.7104119732672501,0.12,0.0,0.07,0.41,0.4
8207,0.7183098308329078,0.19,0.0,0.05,0.32,0.44
8208,0.7339136750321906,0.17,0.0,0.07,0.3,0.46
8209,0.7425371792149522,0.22,0.0,0.1,0.28,0.4
8210,0.7534076917632384,0.24,0.0,0.16,0.23,0.37
8211,0.7603645292793338,0.24,0.0,0.2,0.19,0.37
8212,0.773094018413384,0.36,0.0,0.16,0.18,0.3
8213,0.781525212677048,0.36,0.0,0.26,0.19,0.19
8214,0.7868153835264765,0.42,0.0,0.28,0.18,0.12
8215,0.7996192310904321,0.44,0.0,0.31,0.13,0.12
8216,0.8034115426918669,0.41,0.0,0.33,0.14,0.12
8217,0.8368901809434476,0.41,0.0,0.41,0.08,0.1
8218,0.8346431725779236,0.4,0.0,0.38,0.09,0.13
8219,0.8466470150948698,0.35,0.0,0.5,0.05,0.1
8220,0.8356115460565399,0.37,0.0,0.47,0.07,0.09
8221,0.8606354875440313,0.41,0.0,0.46,0.05,0.08
8222,0.84549062161285,0.3,0.0,0.55,0.03,0.12
8223,0.8665064390793834,0.3,0.0,0.58,0.06,0.06
8224,0.8550359332604434,0.18,0.0,0.54,0.11,0.17
8225,0.8853769600393521,0.19,0.0,0.52,0.1,0.19
8226,0.8629846467555804,0.15,0.0,0.6,0.06,0.19
8227,0.8590714107104561,0.12,0.0,0.52,0.04,0.32
8228,0.8759342382248498,0.15,0.0,0.47,0.07,0.31
8229,0.8717303923432306,0.2,0.0,0.37,0.04,0.39
8230,0.8811265481439479,0.3,0.0,0.32,0.01,0.37
8231,0.8680320907434974,0.33,0.0,0.39,0.02,0.26
8232,0.8875030439611861,0.25,0.0,0.42,0.02,0.31
8233,0.8705184140289703,0.35,0.0,0.42,0.0,0.23
8234,0.8665577339959291,0.31,0.0,0.42,0.0,0.27
8235,0.8782013371492363,0.31,0.0,0.34,0.01,0.34
8236,0.868271844650513,0.29,0.0,0.38,0.02,0.31
8237,0.8848449403025438,0.27,0.0,0.4,0.01,0.32
8238,0.8964415384550002,0.23,0.0,0.46,0.03,0.28
8239,0.8715581729829951,0.29,0.0,0.38,0.07,0.26
8240,0.8859308262832871,0.31,0.0,0.36,0.04,0.29
8241,0.8932487811371536,0.29,0.0,0.47,0.01,0.23
8242,0.8983705835549753,0.22,0.0,0.48,0.01,0.29
8243,0.9078415367726638,0.13,0.0,0.45,0.03,0.39
8244,0.9065868433732476,0.13,0.0,0.37,0.03,0.47
8245,0.9369518116396474,0.12,0.0,0.34,0.02,0.52
8246,0.9329676291061806,0.11,0.0,0.34,0.0,0.55
8247,0.9232065050390635,0.08,0.0,0.45,0.0,0.47
8248,0.9108141917552922,0.06,0.0,0.46,0.01,0.47
8249,0.899025722670804,0.05,0.0,0.48,0.03,0.44
8250,0.9094889908545999,0.04,0.0,0.41,0.04,0.51
8251,0.9342971199225678,0.04,0.0,0.38,0.03,0.55
8252,0.9232577999556095,0.03,0.0,0.43,0.04,0.5
8253,0.9293911299242693,0.04,0.0,0.4,0.03,0.53
8254,0.9277009607571779,0.04,0.0,0.43,0.02,0.51
8255,0.9210703544296563,0.01,0.0,0.48,0.02,0.49
8256,0.9249479691227016,0.02,0.0,0.43,0.02,0.53
8257,0.9380424265231517,0.0,0.0,0.49,0.02,0.49
8258,0.9137284580882984,0.0,0.0,0.53,0.02,0.45
8259,0.9268573626508797,0.0,0.0,0.48,0.02,0.5
8260,0.9350688935663909,0.0,0.0,0.57,0.02,0.41
8261,0.922315901931915,0.0,0.0,0.52,0.02,0.46
8262,0.910550935347852,0.0,0.0,0.59,0.01,0.4
8263,0.8994724393160013,0.0,0.0,0.63,0.0,0.37
8264,0.9002560355956623,0.0,0.0,0.65,0.0,0.35
8265,0.8955697089455164,0.0,0.0,0.63,0.02,0.35
8266,0.9139504862667662,0.0,0.0,0.65,0.02,0.33
8267,0.9103504845844301,0.0,0.0,0.62,0.03,0.35
8268,0.8844564695357192,0.0,0.0,0.59,0.03,0.38
8269,0.895907762769928,0.0,0.0,0.46,0.05,0.49
8270,0.915355213487191,0.01,0.0,0.42,0.06,0.51
8271,0.9105240209058637,0.01,0.0,0.38,0.09,0.52
8272,0.9182535100399144,0.01,0.0,0.38,0.08,0.53
8273,0.910159052639464,0.01,0.0,0.5,0.07,0.42
8274,0.9249436792070068,0.01,0.0,0.44,0.1,0.45
8275,0.9159594966735394,0.03,0.0,0.37,0.1,0.5
8276,0.9110060626873243,0.05,0.0,0.37,0.07,0.51
8277,0.9276492268535657,0.04,0.0,0.36,0.08,0.52
8278,0.9272607560867405,0.07,0.0,0.41,0.08,0.44
8279,0.9298449403025435,0.07,0.0,0.44,0.06,0.43
8280,0.9283235785541245,0.07,0.0,0.41,0.08,0.44
8281,0.9250368112345764,0.09,0.0,0.49,0.09,0.33
8282,0.938899630337287,0.12,0.0,0.47,0.07,0.34
8283,0.9435389519865822,0.09,0.0,0.5,0.05,0.36
8284,0.9387073204181885,0.16,0.0,0.49,0.03,0.32
8285,0.9127898028690522,0.13,0.0,0.48,0.04,0.35
8286,0.939264598603687,0.05,0.0,0.53,0.06,0.36
8287,0.942284258587166,0.04,0.0,0.54,0.09,0.33
8288,0.9300603137350016,0.07,0.0,0.53,0.09,0.31
8289,0.9203974895852811,0.1,0.0,0.52,0.1,0.28
8290,0.9254957895026774,0.11,0.0,0.46,0.1,0.33
8291,0.933346642067484,0.12,0.0,0.46,0.08,0.34
8292,0.9091192936854392,0.14,0.0,0.37,0.04,0.45
8293,0.9134680054982398,0.15,0.0,0.35,0.03,0.47
8294,0.9065111679821443,0.17,0.0,0.36,0.04,0.43
8295,0.911220997132716,0.21,0.0,0.33,0.06,0.4
8296,0.9229624612163535,0.15,0.0,0.36,0.04,0.45
8297,0.9155231429317315,0.11,0.0,0.37,0.06,0.46
8298,0.915087228176989,0.13,0.0,0.45,0.08,0.34
8299,0.5416666666666665,0.12,0.0,0.45,0.04,0.39
8300,0.5384347334308425,0.1,0.0,0.49,0.03,0.38
8301,0.5599999999999998,0.09,0.0,0.47,0.04,0.4
8302,0.5616666666666665,0.06,0.0,0.54,0.07,0.33
8303,0.5983333333333333,0.04,0.0,0.59,0.03,0.34
8304,0.6266666666666668,0.07,0.0,0.55,0.08,0.3
8305,0.6579901722664515,0.05,0.0,0.59,0.08,0.28
8306,0.67768991881034,0.05,0.0,0.64,0.09,0.22
8307,0.7300000000000001,0.03,0.0,0.68,0.09,0.2
8308,0.7346568389331181,0.01,0.0,0.58,0.1,0.31
8309,0.7250668225104978,0.01,0.0,0.46,0.11,0.42
8310,0.7652004675314944,0.0,0.0,0.37,0.15,0.48
8311,0.7603341125524906,0.0,0.0,0.46,0.14,0.4
8312,0.7800376090233939,0.0,0.0,0.52,0.15,0.33
8313,0.8006014025944823,0.0,0.0,0.51,0.15,0.34
8314,0.8090168472437247,0.0,0.0,0.44,0.25,0.31
8315,0.7940015584383137,0.0,0.0,0.34,0.34,0.32
8316,0.7874017142821453,0.01,0.0,0.33,0.4,0.26
8317,0.7722012467506509,0.0,0.0,0.3,0.46,0.24
8318,0.7706682251049805,0.0,0.0,0.19,0.5,0.31
8319,0.7958018701259765,0.01,0.0,0.16,0.52,0.31
8320,0.782468536792643,0.01,0.0,0.15,0.44,0.4
8321,0.802334891771647,0.0,0.0,0.18,0.45,0.37
8322,0.8024017142821451,0.01,0.0,0.11,0.5,0.38
8323,0.7890683809488118,0.01,0.0,0.13,0.47,0.39
8324,0.7840683809488117,0.0,0.0,0.09,0.43,0.48
8325,0.8200030314363831,0.01,0.0,0.09,0.45,0.45
8326,0.8015360530820536,0.01,0.0,0.08,0.54,0.37
8327,0.7886006233753257,0.0,0.0,0.07,0.55,0.38
8328,0.7948025639048889,0.0,0.0,0.05,0.48,0.47
8329,0.7907350476154784,0.0,0.0,0.02,0.46,0.52
8330,0.7804677575734861,0.0,0.0,0.01,0.55,0.44
8331,0.7941352034593099,0.0,0.0,0.01,0.51,0.48
8332,0.7804677575734865,0.0,0.0,0.01,0.56,0.43
8333,0.7786674458858238,0.0,0.0,0.02,0.51,0.47
8334,0.7880908538733284,0.0,0.0,0.04,0.42,0.54
8335,0.7953341125524903,0.0,0.0,0.04,0.36,0.6
8336,0.7955345800839847,0.0,0.0,0.03,0.33,0.64
8337,0.7722251926732366,0.0,0.0,0.03,0.38,0.59
8338,0.737000779219157,0.0,0.0,0.05,0.42,0.53
8339,0.8270029459961381,0.0,0.0,0.03,0.57,0.4
8340,0.8452026343084755,0.0,0.0,0.03,0.62,0.35
8341,0.8100668225104982,0.0,0.0,0.02,0.62,0.36
8342,0.7968693009751423,0.01,0.0,0.05,0.7,0.24
8343,0.8099999999999998,0.01,0.0,0.06,0.71,0.22
8344,0.8166666666666664,0.02,0.0,0.01,0.72,0.25
8345,0.8166666666666664,0.0,0.0,0.03,0.73,0.24
8346,0.7950000000000004,0.02,0.0,0.04,0.71,0.23
8347,0.7799999999999998,0.01,0.0,0.02,0.74,0.23
8348,0.8049999999999998,0.02,0.0,0.01,0.81,0.16
8349,0.8066666666666668,0.02,0.0,0.01,0.81,0.16
8350,0.8050000000000003,0.03,0.0,0.0,0.8,0.17
8351,0.8133333333333335,0.05,0.0,0.0,0.79,0.16
8352,0.8093565854770063,0.08,0.0,0.0,0.8,0.12
8353,0.8016666666666665,0.09,0.0,0.0,0.75,0.16
8354,0.8166666666666665,0.12,0.0,0.0,0.68,0.2
8355,0.8233333333333333,0.16,0.0,0.01,0.66,0.17
8356,0.8849999999999999,0.13,0.0,0.03,0.66,0.18
8357,0.853333333333333,0.07,0.0,0.06,0.69,0.18
8358,0.8499999999999999,0.06,0.0,0.09,0.64,0.21
8359,0.8566666666666665,0.03,0.0,0.11,0.68,0.18
8360,0.8650000000000001,0.03,0.0,0.1,0.68,0.19
8361,0.8816666666666664,0.06,0.0,0.08,0.65,0.21
8362,0.8816666666666663,0.07,0.0,0.06,0.69,0.18
8363,0.8683333333333333,0.07,0.0,0.05,0.61,0.27
8364,0.8966666666666664,0.06,0.0,0.0,0.68,0.26
8365,0.9083333333333331,0.07,0.0,0.01,0.66,0.26
8366,0.8999999999999999,0.07,0.0,0.01,0.64,0.28
8367,0.9117334891771646,0.11,0.0,0.0,0.63,0.26
8368,0.9166666666666667,0.08,0.0,0.01,0.68,0.23
8369,0.9149999999999998,0.04,0.0,0.01,0.73,0.22
8370,0.9083333333333335,0.05,0.0,0.0,0.72,0.23
8371,0.9149999999999996,0.11,0.0,0.0,0.62,0.27
8372,0.908333333333333,0.15,0.0,0.03,0.63,0.19
8373,0.9066563522985572,0.2,0.0,0.02,0.59,0.19
8374,0.9483333333333331,0.23,0.0,0.05,0.62,0.1
8375,0.9683333333333334,0.22,0.0,0.04,0.66,0.08
8376,0.9499999999999998,0.19,0.0,0.03,0.65,0.13
8377,0.9449999999999998,0.12,0.0,0.03,0.7,0.15
8378,0.9299999999999998,0.14,0.0,0.0,0.67,0.19
8379,0.9366666666666665,0.1,0.0,0.01,0.73,0.16
8380,0.96,0.1,0.0,0.0,0.78,0.12
8381,0.97,0.08,0.0,0.0,0.86,0.06
8382,0.9616666666666666,0.12,0.0,0.02,0.79,0.07
8383,0.94,0.13,0.0,0.02,0.71,0.14
8384,0.9493565854770064,0.14,0.0,0.02,0.69,0.15
8385,0.9416666666666668,0.17,0.0,0.01,0.67,0.15
8386,0.945,0.13,0.0,0.03,0.7,0.14
8387,0.933333333333333,0.12,0.0,0.05,0.64,0.19
8388,0.9426899188103396,0.12,0.0,0.02,0.63,0.23
8389,0.9276899188103396,0.08,0.0,0.03,0.66,0.23
8390,0.9576899188103397,0.1,0.0,0.0,0.71,0.19
8391,0.9349999999999997,0.11,0.0,0.0,0.61,0.28
8392,0.9283333333333332,0.19,0.0,0.02,0.51,0.28
8393,0.9349999999999998,0.23,0.0,0.02,0.49,0.26
8394,0.9466666666666663,0.26,0.0,0.02,0.45,0.27
8395,0.9466666666666665,0.24,0.0,0.0,0.5,0.26
8396,0.9533333333333335,0.22,0.0,0.01,0.57,0.2
8397,0.9283333333333331,0.24,0.0,0.01,0.51,0.24
8398,0.9383333333333332,0.21,0.0,0.02,0.53,0.24
8399,0.656666666666666,0.28,0.0,0.03,0.48,0.21
8400,0.668333333333333,0.27,0.0,0.03,0.36,0.34
8401,0.668333333333333,0.22,0.0,0.06,0.31,0.41
8402,0.6635633764713298,0.25,0.0,0.04,0.32,0.39
8403,0.6845872691133991,0.23,0.0,0.07,0.3,0.4
8404,0.7000612828190137,0.21,0.0,0.1,0.28,0.41
8405,0.6921267529426605,0.23,0.0,0.16,0.23,0.38
8406,0.7002300431379964,0.23,0.0,0.2,0.22,0.35
8407,0.712126752942661,0.24,0.0,0.21,0.18,0.37
8408,0.7256901294139914,0.27,0.0,0.27,0.13,0.33
8409,0.7355074416653874,0.22,0.0,0.32,0.07,0.39
8410,0.7423251838115281,0.23,0.0,0.34,0.09,0.34
8411,0.7430153132255193,0.18,0.0,0.36,0.11,0.35
8412,0.749984130851133,0.24,0.0,0.36,0.08,0.32
8413,0.7452457862582601,0.18,0.0,0.38,0.07,0.37
8414,0.7304284740068637,0.12,0.0,0.48,0.06,0.34
8415,0.7518334852664036,0.16,0.0,0.47,0.04,0.33
8416,0.7668334852664035,0.14,0.0,0.51,0.01,0.34
8417,0.7569845607458768,0.12,0.0,0.51,0.0,0.37
8418,0.7634369273948097,0.17,0.0,0.42,0.01,0.4
8419,0.7811679822553647,0.22,0.0,0.41,0.02,0.35
8420,0.778247379808632,0.24,0.0,0.35,0.04,0.37
8421,0.7798350788167755,0.29,0.0,0.35,0.06,0.3
8422,0.7803267773619004,0.27,0.0,0.4,0.08,0.25
8423,0.7842133923400857,0.2,0.0,0.42,0.06,0.32
8424,0.7744539601993052,0.23,0.0,0.35,0.08,0.34
8425,0.7650967342239027,0.18,0.0,0.39,0.14,0.29
8426,0.7634300675572363,0.19,0.0,0.41,0.14,0.26
8427,0.7855973160517163,0.3,0.0,0.33,0.06,0.31
8428,0.7896659288442234,0.27,0.0,0.38,0.07,0.28
8429,0.7967406719041291,0.32,0.0,0.3,0.11,0.27
8430,0.8348732429957799,0.31,0.0,0.37,0.03,0.29
8431,0.8166966392052372,0.27,0.0,0.35,0.03,0.35
8432,0.8234951895120085,0.28,0.0,0.31,0.06,0.35
8433,0.8128840277565412,0.28,0.0,0.36,0.07,0.29
8434,0.8191600862831254,0.28,0.0,0.37,0.02,0.33
8435,0.8149318130406781,0.23,0.0,0.36,0.04,0.37
8436,0.8294025498508849,0.3,0.0,0.31,0.03,0.36
8437,0.8307408765752463,0.35,0.0,0.2,0.03,0.42
8438,0.8191847898362334,0.35,0.0,0.23,0.03,0.39
8439,0.8523729229154773,0.42,0.0,0.16,0.02,0.4
8440,0.8263150103922936,0.41,0.0,0.09,0.04,0.46
8441,0.8329046736787964,0.4,0.0,0.13,0.08,0.39
8442,0.8392717419213989,0.42,0.0,0.16,0.07,0.35
8443,0.83776646196271,0.41,0.0,0.15,0.04,0.4
8444,0.8376510857826264,0.42,0.0,0.23,0.06,0.29
8445,0.8590958282542277,0.44,0.0,0.21,0.08,0.27
8446,0.8610544204074785,0.41,0.0,0.2,0.09,0.3
8447,0.8435286991976515,0.46,0.0,0.18,0.11,0.25
8448,0.8310395572629292,0.35,0.0,0.24,0.1,0.31
8449,0.8671325712208019,0.39,0.0,0.18,0.09,0.34
8450,0.8760770663096029,0.48,0.0,0.17,0.1,0.25
8451,0.9010859495922926,0.47,0.0,0.17,0.1,0.26
8452,0.8887957007403966,0.44,0.0,0.2,0.1,0.26
8453,0.884069776577285,0.49,0.0,0.15,0.08,0.28
8454,0.8923714976414887,0.55,0.0,0.14,0.07,0.24
8455,0.8771730667726217,0.5,0.0,0.17,0.13,0.2
8456,0.8724347221797492,0.43,0.0,0.19,0.15,0.23
8457,0.8620536035622783,0.36,0.0,0.23,0.15,0.26
8458,0.880058063039231,0.41,0.0,0.21,0.21,0.17
8459,0.8798636260813573,0.43,0.0,0.25,0.17,0.15
8460,0.8953642079091712,0.37,0.0,0.3,0.19,0.14
8461,0.8856810945825347,0.4,0.0,0.26,0.21,0.13
8462,0.8926736486004357,0.39,0.0,0.28,0.2,0.13
8463,0.9071503377861815,0.42,0.0,0.3,0.2,0.08
8464,0.9178856172453544,0.5,0.0,0.26,0.15,0.09
8465,0.8970308745758377,0.46,0.0,0.27,0.16,0.11
8466,0.9062997016399263,0.44,0.0,0.22,0.26,0.08
8467,0.8879353040075633,0.41,0.0,0.25,0.25,0.09
8468,0.9032848103559036,0.39,0.0,0.27,0.29,0.05
8469,0.8854239810565007,0.29,0.0,0.27,0.36,0.08
8470,0.8738397334392884,0.3,0.0,0.28,0.34,0.08
8471,0.8889591966496319,0.32,0.0,0.23,0.37,0.08
8472,0.871833646809402,0.33,0.0,0.19,0.38,0.1
8473,0.8684078080414934,0.24,0.0,0.17,0.48,0.11
8474,0.8684586148218176,0.25,0.0,0.13,0.58,0.04
8475,0.8718606045851702,0.23,0.0,0.11,0.57,0.09
8476,0.8714973356173948,0.22,0.0,0.13,0.56,0.09
8477,0.8714794859676996,0.2,0.0,0.15,0.53,0.12
8478,0.8798636260813569,0.13,0.0,0.22,0.45,0.2
8479,0.902929397667204,0.12,0.0,0.2,0.51,0.17
8480,0.887209656719009,0.12,0.0,0.3,0.42,0.16
8481,0.8721401096419927,0.11,0.0,0.28,0.36,0.25
8482,0.855005818278141,0.1,0.0,0.21,0.42,0.27
8483,0.8731461526343661,0.11,0.0,0.13,0.48,0.28
8484,0.8839083898693074,0.11,0.0,0.11,0.49,0.29
8485,0.8852447446988277,0.14,0.0,0.09,0.51,0.26
8486,0.872954052513306,0.09,0.0,0.1,0.55,0.26
8487,0.8974815484793756,0.06,0.0,0.14,0.54,0.26
8488,0.8870406351165719,0.02,0.0,0.18,0.53,0.27
8489,0.8862834053659419,0.03,0.0,0.16,0.52,0.29
8490,0.8860734555951864,0.02,0.0,0.22,0.44,0.32
8491,0.8901451500123428,0.04,0.0,0.21,0.4,0.35
8492,0.9006134428865369,0.04,0.0,0.25,0.44,0.27
8493,0.8860006706485575,0.04,0.0,0.26,0.42,0.28
8494,0.8828083954952956,0.04,0.0,0.31,0.42,0.23
8495,0.881939572243694,0.03,0.0,0.26,0.49,0.22
8496,0.8732354315213943,0.05,0.0,0.23,0.47,0.25
8497,0.8468620325309848,0.06,0.0,0.25,0.46,0.23
8498,0.837344622950036,0.04,0.0,0.24,0.44,0.28
8499,0.6416666666666668,0.04,0.0,0.23,0.42,0.31
8500,0.686666666666667,0.05,0.0,0.23,0.32,0.4
8501,0.6783333333333335,0.08,0.0,0.25,0.26,0.41
8502,0.7416666666666666,0.1,0.0,0.19,0.36,0.35
8503,0.7683333333333334,0.11,0.0,0.15,0.42,0.32
8504,0.82,0.11,0.0,0.16,0.43,0.3
8505,0.8699999999999999,0.07,0.0,0.09,0.49,0.35
8506,0.8916666666666666,0.05,0.0,0.03,0.63,0.29
8507,0.9099999999999998,0.02,0.0,0.01,0.73,0.24
8508,0.9333333333333332,0.02,0.0,0.01,0.78,0.19
8509,0.9533333333333331,0.01,0.0,0.01,0.8,0.18
8510,0.9416666666666665,0.01,0.0,0.02,0.8,0.17
8511,0.9683333333333332,0.01,0.0,0.0,0.88,0.11
8512,0.9683333333333336,0.0,0.0,0.0,0.89,0.11
8513,0.9449999999999997,0.0,0.0,0.0,0.84,0.16
8514,0.9499999999999998,0.0,0.0,0.0,0.79,0.21
8515,0.9199999999999997,0.01,0.0,0.01,0.72,0.26
8516,0.9333333333333335,0.01,0.0,0.01,0.75,0.23
8517,0.9483333333333331,0.01,0.0,0.02,0.79,0.18
8518,0.9616666666666664,0.0,0.0,0.03,0.87,0.1
8519,0.9416666666666669,0.0,0.0,0.02,0.87,0.11
8520,0.9516666666666664,0.0,0.0,0.02,0.86,0.12
8521,0.9683333333333333,0.01,0.0,0.01,0.9,0.08
8522,0.9699999999999999,0.02,0.0,0.0,0.9,0.08
8523,0.9283333333333332,0.01,0.0,0.0,0.83,0.16
8524,0.94,0.01,0.0,0.0,0.82,0.17
8525,0.9433333333333332,0.02,0.0,0.01,0.76,0.21
8526,0.9266666666666664,0.04,0.0,0.01,0.7,0.25
8527,0.9204920732520898,0.02,0.0,0.02,0.72,0.24
8528,0.9333333333333332,0.01,0.0,0.04,0.75,0.2
8529,0.9583333333333331,0.0,0.0,0.06,0.79,0.15
8530,0.953333333333333,0.0,0.0,0.04,0.82,0.14
8531,0.9666666666666667,0.0,0.0,0.0,0.91,0.09
8532,0.9566666666666667,0.01,0.0,0.0,0.89,0.1
8533,0.945,0.0,0.0,0.0,0.89,0.11
8534,0.9399999999999998,0.0,0.0,0.0,0.9,0.1
8535,0.95,0.01,0.0,0.0,0.89,0.1
8536,0.9599999999999999,0.01,0.0,0.0,0.87,0.12
8537,0.9599999999999999,0.0,0.0,0.0,0.9,0.1
8538,0.9849999999999999,0.01,0.0,0.0,0.92,0.07
8539,0.9733333333333333,0.02,0.0,0.0,0.88,0.1
8540,0.9450000000000003,0.03,0.0,0.0,0.81,0.16
8541,0.9383333333333335,0.03,0.0,0.0,0.81,0.16
8542,0.955,0.02,0.0,0.01,0.84,0.13
8543,0.9583333333333333,0.01,0.0,0.0,0.92,0.07
8544,0.9583333333333335,0.01,0.0,0.0,0.91,0.08
8545,0.9733333333333333,0.01,0.0,0.0,0.95,0.04
8546,0.94,0.02,0.0,0.0,0.85,0.13
8547,0.9566666666666666,0.03,0.0,0.0,0.83,0.14
8548,0.9333333333333332,0.02,0.0,0.0,0.82,0.16
8549,0.9266666666666669,0.05,0.0,0.0,0.81,0.14
8550,0.9399999999999998,0.05,0.0,0.0,0.8,0.15
8551,0.9166666666666665,0.03,0.0,0.0,0.8,0.17
8552,0.9283333333333335,0.04,0.0,0.0,0.8,0.16
8553,0.9216666666666667,0.03,0.0,0.0,0.79,0.18
8554,0.9366666666666668,0.02,0.0,0.0,0.85,0.13
8555,0.9566666666666666,0.04,0.0,0.0,0.88,0.08
8556,0.9416666666666665,0.02,0.0,0.0,0.83,0.15
8557,0.9183333333333333,0.0,0.0,0.0,0.76,0.24
8558,0.9249999999999998,0.0,0.0,0.0,0.79,0.21
8559,0.9416666666666664,0.0,0.0,0.0,0.8,0.2
8560,0.9666666666666666,0.0,0.0,0.0,0.86,0.14
8561,0.96,0.01,0.0,0.0,0.87,0.12
8562,0.9633333333333334,0.02,0.0,0.0,0.85,0.13
8563,0.9433333333333332,0.02,0.0,0.0,0.83,0.15
8564,0.9316666666666668,0.05,0.0,0.0,0.75,0.2
8565,0.9633333333333333,0.05,0.0,0.0,0.84,0.11
8566,0.9433333333333331,0.04,0.0,0.0,0.8,0.16
8567,0.9266666666666664,0.05,0.0,0.0,0.74,0.21
8568,0.9266666666666667,0.07,0.0,0.0,0.69,0.24
8569,0.9383333333333335,0.11,0.0,0.02,0.66,0.21
8570,0.92,0.08,0.0,0.02,0.64,0.26
8571,0.9449999999999997,0.09,0.0,0.01,0.7,0.2
8572,0.9266666666666667,0.09,0.0,0.03,0.69,0.19
8573,0.9416666666666665,0.08,0.0,0.03,0.71,0.18
8574,0.9466666666666665,0.08,0.0,0.04,0.74,0.14
8575,0.9399999999999998,0.08,0.0,0.03,0.7,0.19
8576,0.9183333333333331,0.08,0.0,0.0,0.65,0.27
8577,0.9316666666666664,0.09,0.0,0.0,0.66,0.25
8578,0.9416666666666665,0.03,0.0,0.01,0.73,0.23
8579,0.953333333333333,0.03,0.0,0.0,0.77,0.2
8580,0.945,0.04,0.0,0.0,0.76,0.2
8581,0.9666666666666665,0.08,0.0,0.0,0.79,0.13
8582,0.9666666666666666,0.08,0.0,0.01,0.81,0.1
8583,0.9683333333333333,0.09,0.0,0.0,0.79,0.12
8584,0.9304920732520898,0.13,0.0,0.02,0.67,0.18
8585,0.9333333333333331,0.13,0.0,0.01,0.7,0.16
8586,0.9299999999999998,0.15,0.0,0.01,0.63,0.21
8587,0.9166666666666665,0.18,0.0,0.01,0.64,0.17
8588,0.9266666666666667,0.07,0.0,0.01,0.75,0.17
8589,0.9416666666666668,0.07,0.0,0.0,0.81,0.12
8590,0.935,0.02,0.0,0.0,0.81,0.17
8591,0.9466666666666668,0.0,0.0,0.01,0.85,0.14
8592,0.9383333333333332,0.0,0.0,0.01,0.82,0.17
8593,0.9450000000000003,0.0,0.0,0.0,0.88,0.12
8594,0.9616666666666666,0.01,0.0,0.0,0.89,0.1
8595,0.975,0.0,0.0,0.0,0.93,0.07
8596,0.9649999999999997,0.0,0.0,0.0,0.87,0.13
8597,0.9466666666666668,0.01,0.0,0.01,0.82,0.16
8598,0.9383333333333335,0.0,0.0,0.02,0.8,0.18
8599,0.6449999999999995,0.0,0.0,0.02,0.76,0.22
8600,0.6533333333333328,0.0,0.0,0.02,0.68,0.3
8601,0.654999999999999,0.0,0.0,0.02,0.54,0.44
8602,0.6616666666666658,0.0,0.0,0.03,0.47,0.5
8603,0.661666666666666,0.0,0.0,0.05,0.5,0.45
8604,0.671666666666666,0.0,0.0,0.06,0.47,0.47
8605,0.6675542634196404,0.02,0.0,0.03,0.47,0.48
8606,0.6916666666666665,0.03,0.0,0.08,0.42,0.47
8607,0.6783333333333329,0.03,0.0,0.08,0.49,0.4
8608,0.688333333333333,0.03,0.0,0.1,0.46,0.41
8609,0.6766666666666662,0.03,0.0,0.08,0.46,0.43
8610,0.6933333333333329,0.01,0.0,0.1,0.37,0.52
8611,0.7000000000000002,0.0,0.0,0.06,0.28,0.66
8612,0.7273212048632131,0.0,0.0,0.06,0.23,0.71
8613,0.7376498382411668,0.0,0.0,0.14,0.19,0.67
8614,0.7516464214260402,0.01,0.0,0.17,0.23,0.59
8615,0.7488142658223745,0.03,0.0,0.29,0.16,0.52
8616,0.7683170206135435,0.02,0.0,0.25,0.15,0.58
8617,0.7955554468902426,0.0,0.0,0.3,0.1,0.6
8618,0.7804949493318019,0.0,0.0,0.28,0.11,0.61
8619,0.773274207918264,0.0,0.0,0.31,0.11,0.58
8620,0.8034509717409536,0.0,0.0,0.31,0.1,0.59
8621,0.8153661510679083,0.01,0.0,0.32,0.1,0.57
8622,0.844211069216915,0.01,0.0,0.4,0.04,0.55
8623,0.8357642646634835,0.01,0.0,0.47,0.02,0.5
8624,0.8316589579697252,0.01,0.0,0.36,0.02,0.61
8625,0.8762592308505605,0.01,0.0,0.54,0.0,0.45
8626,0.8962592308505595,0.0,0.0,0.61,0.01,0.38
8627,0.9122951193914478,0.0,0.0,0.7,0.01,0.29
8628,0.9008044390104548,0.0,0.0,0.76,0.01,0.23
8629,0.9017561478929772,0.0,0.0,0.75,0.01,0.24
8630,0.9012592308505599,0.0,0.0,0.67,0.01,0.32
8631,0.8668690491456509,0.01,0.0,0.63,0.01,0.35
8632,0.8731772761540053,0.01,0.0,0.61,0.02,0.36
8633,0.8691712310930426,0.01,0.0,0.54,0.01,0.44
8634,0.8583501517023607,0.0,0.0,0.59,0.0,0.41
8635,0.87511763840762,0.0,0.0,0.65,0.0,0.35
8636,0.8866666666666667,0.0,0.0,0.62,0.0,0.38
8637,0.8949999999999999,0.0,0.0,0.69,0.0,0.31
8638,0.9037757610495497,0.0,0.0,0.76,0.0,0.24
8639,0.915,0.0,0.0,0.75,0.0,0.25
8640,0.9333333333333337,0.0,0.0,0.79,0.0,0.21
8641,0.9466666666666668,0.0,0.0,0.85,0.0,0.15
8642,0.9455368997889267,0.0,0.0,0.88,0.0,0.12
8643,0.9318001532043718,0.0,0.0,0.84,0.0,0.16
8644,0.9399999999999998,0.0,0.0,0.89,0.0,0.11
8645,0.9258848554324324,0.0,0.0,0.88,0.0,0.12
8646,0.9224309313301502,0.0,0.0,0.88,0.0,0.12
8647,0.9197275243628379,0.0,0.0,0.88,0.0,0.12
8648,0.9283963842576982,0.01,0.0,0.85,0.0,0.14
8649,0.9166981921288495,0.0,0.0,0.86,0.0,0.14
8650,0.9300000000000003,0.0,0.0,0.91,0.0,0.09
8651,0.9549999999999998,0.0,0.0,0.93,0.0,0.07
8652,0.9442649353977017,0.01,0.0,0.93,0.0,0.06
8653,0.9286983240500374,0.04,0.0,0.87,0.0,0.09
8654,0.9466092556523398,0.02,0.0,0.89,0.0,0.09
8655,0.9114655071426556,0.0,0.0,0.81,0.0,0.19
8656,0.8953578548553629,0.0,0.0,0.78,0.0,0.22
8657,0.9085585079177129,0.0,0.0,0.68,0.0,0.32
8658,0.9316800185977671,0.0,0.0,0.76,0.0,0.24
8659,0.9252437402563504,0.0,0.0,0.69,0.0,0.31
8660,0.927298142842141,0.0,0.0,0.77,0.0,0.23
8661,0.9170989921520227,0.0,0.0,0.78,0.0,0.22
8662,0.9255954356553757,0.0,0.0,0.83,0.01,0.16
8663,0.931210536449057,0.0,0.0,0.86,0.01,0.13
8664,0.9279379294951511,0.0,0.0,0.84,0.01,0.15
8665,0.9327203190870048,0.01,0.0,0.82,0.02,0.15
8666,0.9407820285429334,0.02,0.0,0.84,0.03,0.11
8667,0.9359178404816357,0.0,0.0,0.87,0.01,0.12
8668,0.946427163191574,0.0,0.0,0.86,0.02,0.12
8669,0.9180160936229125,0.0,0.0,0.8,0.01,0.19
8670,0.935627528996551,0.0,0.0,0.83,0.01,0.16
8671,0.9450315254621825,0.0,0.0,0.85,0.0,0.15
8672,0.9380254752774979,0.0,0.0,0.91,0.0,0.09
8673,0.952172145307248,0.0,0.0,0.9,0.0,0.1
8674,0.938807286511732,0.0,0.0,0.85,0.0,0.15
8675,0.9442181887657658,0.0,0.0,0.88,0.0,0.12
8676,0.9475667432688525,0.0,0.0,0.84,0.0,0.16
8677,0.9337757610495494,0.0,0.0,0.85,0.0,0.15
8678,0.9448670451071621,0.0,0.0,0.83,0.0,0.17
8679,0.9515337117738292,0.0,0.0,0.86,0.0,0.14
8680,0.9537757610495495,0.0,0.0,0.86,0.0,0.14
8681,0.9537757610495495,0.01,0.0,0.86,0.0,0.13
8682,0.9649999999999999,0.02,0.0,0.86,0.0,0.12
8683,0.9683648587955159,0.01,0.0,0.87,0.0,0.12
8684,0.9650315254621826,0.01,0.0,0.87,0.0,0.12
8685,0.9433648587955158,0.01,0.0,0.8,0.0,0.19
8686,0.9466981921288492,0.0,0.0,0.82,0.0,0.18
8687,0.9559316020643683,0.03,0.0,0.83,0.0,0.14
8688,0.9502134941927468,0.05,0.0,0.79,0.0,0.16
8689,0.9500315254621825,0.06,0.0,0.74,0.0,0.2
8690,0.9633648587955157,0.03,0.0,0.82,0.0,0.15
8691,0.9389604022068262,0.06,0.0,0.74,0.0,0.2
8692,0.9422937355401596,0.06,0.0,0.78,0.0,0.16
8693,0.955,0.06,0.0,0.78,0.0,0.16
8694,0.9325515220990991,0.04,0.0,0.8,0.0,0.16
8695,0.9533333333333335,0.03,0.0,0.82,0.0,0.15
8696,0.9492181887657658,0.07,0.0,0.8,0.0,0.13
8697,0.9684545214511483,0.08,0.0,0.83,0.0,0.09
8698,0.9750000000000001,0.07,0.0,0.83,0.01,0.09
8699,0.525,0.07,0.0,0.8,0.02,0.11
8700,0.5183333333333331,0.08,0.0,0.75,0.02,0.15
8701,0.555,0.11,0.0,0.71,0.04,0.14
8702,0.6150000000000001,0.2,0.0,0.55,0.05,0.2
8703,0.679777308076753,0.2,0.0,0.56,0.08,0.16
8704,0.7388938878732328,0.28,0.0,0.42,0.15,0.15
8705,0.7638016364616331,0.31,0.0,0.41,0.16,0.12
8706,0.7804182162581134,0.37,0.0,0.32,0.2,0.11
8707,0.8379182162581134,0.34,0.0,0.28,0.25,0.13
8708,0.8289591081290564,0.34,0.0,0.27,0.27,0.12
8709,0.8356257747957233,0.35,0.0,0.3,0.27,0.08
8710,0.8249999999999998,0.26,0.0,0.33,0.29,0.12
8711,0.8349999999999999,0.2,0.0,0.33,0.4,0.07
8712,0.863333333333333,0.2,0.0,0.28,0.44,0.08
8713,0.8598115346014472,0.25,0.0,0.24,0.41,0.1
8714,0.8633333333333333,0.32,0.0,0.21,0.41,0.06
8715,0.8814782012681135,0.32,0.0,0.1,0.5,0.08
8716,0.8698115346014472,0.27,0.0,0.06,0.57,0.1
8717,0.8466666666666662,0.3,0.0,0.03,0.56,0.11
8718,0.8783333333333333,0.26,0.0,0.04,0.6,0.1
8719,0.8831758616659099,0.23,0.0,0.05,0.63,0.09
8720,0.8966666666666667,0.26,0.0,0.04,0.63,0.07
8721,0.8926423382817861,0.3,0.0,0.03,0.6,0.07
8722,0.8943090049484528,0.28,0.0,0.04,0.56,0.12
8723,0.9059756716151193,0.25,0.0,0.03,0.65,0.07
8724,0.9109756716151195,0.24,0.0,0.04,0.66,0.06
8725,0.9383333333333331,0.17,0.0,0.01,0.79,0.03
8726,0.9083333333333333,0.1,0.0,0.0,0.79,0.11
8727,0.9116666666666666,0.09,0.0,0.01,0.77,0.13
8728,0.8966666666666666,0.08,0.0,0.0,0.74,0.18
8729,0.906478201268114,0.12,0.0,0.01,0.72,0.15
8730,0.9049999999999998,0.09,0.0,0.0,0.76,0.15
8731,0.917642338281786,0.07,0.0,0.0,0.75,0.18
8732,0.9062603481786918,0.07,0.0,0.0,0.72,0.21
8733,0.9062603481786918,0.05,0.0,0.0,0.72,0.23
8734,0.8826423382817858,0.05,0.0,0.0,0.77,0.18
8735,0.9033333333333333,0.04,0.0,0.0,0.81,0.15
8736,0.9119513432302387,0.02,0.0,0.0,0.83,0.15
8737,0.9236180098969057,0.04,0.0,0.0,0.84,0.12
8738,0.9293090049484529,0.06,0.0,0.0,0.83,0.11
8739,0.9233333333333333,0.06,0.0,0.01,0.8,0.13
8740,0.9149999999999996,0.07,0.0,0.0,0.74,0.19
8741,0.9249999999999997,0.08,0.0,0.0,0.72,0.2
8742,0.9248425283325764,0.06,0.0,0.0,0.77,0.17
8743,0.9273024863693041,0.13,0.0,0.01,0.72,0.14
8744,0.9327524324281552,0.11,0.0,0.02,0.75,0.12
8745,0.9116666666666667,0.1,0.0,0.04,0.65,0.21
8746,0.918333333333333,0.13,0.0,0.02,0.68,0.17
8747,0.8949999999999997,0.1,0.0,0.05,0.65,0.2
8748,0.9236748241235679,0.14,0.0,0.03,0.71,0.12
8749,0.917017696634696,0.12,0.0,0.03,0.74,0.11
8750,0.913333333333333,0.19,0.0,0.02,0.6,0.19
8751,0.9366666666666668,0.22,0.0,0.04,0.55,0.19
8752,0.938333333333333,0.22,0.0,0.04,0.55,0.19
8753,0.9298425283325765,0.15,0.0,0.04,0.63,0.18
8754,0.9199999999999998,0.15,0.0,0.04,0.64,0.17
8755,0.9033333333333331,0.17,0.0,0.05,0.53,0.25
8756,0.9031758616659097,0.18,0.0,0.05,0.63,0.14
8757,0.8766228297106347,0.18,0.0,0.08,0.63,0.11
8758,0.9341739535153344,0.17,0.0,0.04,0.7,0.09
8759,0.9070568814545183,0.16,0.0,0.04,0.71,0.09
8760,0.9215351557985701,0.15,0.0,0.02,0.72,0.11
8761,0.9070732566822294,0.13,0.0,0.04,0.69,0.14
8762,0.9382018224652368,0.09,0.0,0.04,0.81,0.06
8763,0.9521609305942937,0.15,0.0,0.01,0.74,0.1
8764,0.933201822465237,0.16,0.0,0.02,0.67,0.15
8765,0.9389152711730244,0.19,0.0,0.0,0.63,0.18
8766,0.9288714342169925,0.13,0.0,0.0,0.64,0.23
8767,0.9049561630439676,0.12,0.0,0.0,0.67,0.21
8768,0.9299999999999997,0.15,0.0,0.01,0.66,0.18
8769,0.9116666666666667,0.11,0.0,0.03,0.68,0.18
8770,0.8900000000000001,0.1,0.0,0.03,0.67,0.2
8771,0.9233333333333331,0.12,0.0,0.05,0.71,0.12
8772,0.9583333333333331,0.18,0.0,0.02,0.7,0.1
8773,0.9599999999999997,0.2,0.0,0.03,0.67,0.1
8774,0.9266666666666665,0.17,0.0,0.04,0.66,0.13
8775,0.9249999999999997,0.18,0.0,0.05,0.63,0.14
8776,0.9166666666666664,0.2,0.0,0.05,0.59,0.16
8777,0.933333333333333,0.2,0.0,0.04,0.56,0.2
8778,0.9215091949992431,0.16,0.0,0.04,0.62,0.18
8779,0.9449999999999998,0.16,0.0,0.02,0.69,0.13
8780,0.9383333333333332,0.2,0.0,0.01,0.65,0.14
8781,0.9449999999999998,0.18,0.0,0.01,0.68,0.13
8782,0.9617252452970662,0.23,0.0,0.0,0.69,0.08
8783,0.9683333333333332,0.29,0.0,0.01,0.64,0.06
8784,0.9433333333333331,0.28,0.0,0.04,0.63,0.05
8785,0.9483333333333333,0.25,0.0,0.03,0.67,0.05
8786,0.9599999999999999,0.29,0.0,0.0,0.64,0.07
8787,0.9499999999999998,0.27,0.0,0.02,0.64,0.07
8788,0.9316666666666665,0.29,0.0,0.05,0.58,0.08
8789,0.9466666666666668,0.3,0.0,0.06,0.56,0.08
8790,0.9566666666666667,0.28,0.0,0.02,0.6,0.1
8791,0.9465091949992432,0.34,0.0,0.05,0.53,0.08
8792,0.9533333333333333,0.32,0.0,0.04,0.57,0.07
8793,0.9413517233318199,0.39,0.0,0.1,0.47,0.04
8794,0.9480183899984866,0.36,0.0,0.06,0.53,0.05
8795,0.9444965912666007,0.27,0.0,0.07,0.62,0.04
8796,0.94,0.35,0.0,0.04,0.52,0.09
8797,0.9131212890510951,0.28,0.0,0.08,0.45,0.19
8798,0.9266666666666665,0.33,0.0,0.12,0.47,0.08
8799,0.6533333333333325,0.38,0.0,0.12,0.43,0.07
8800,0.6649999999999993,0.42,0.0,0.19,0.25,0.14
8801,0.6699999999999996,0.41,0.0,0.16,0.17,0.26
8802,0.6712543019116224,0.39,0.0,0.19,0.1,0.32
8803,0.6805054233225385,0.28,0.0,0.25,0.16,0.31
8804,0.6800930585674948,0.25,0.0,0.23,0.2,0.32
8805,0.6997565447334548,0.2,0.0,0.28,0.19,0.33
8806,0.6764232114001214,0.21,0.0,0.35,0.13,0.31
8807,0.6910866975660817,0.15,0.0,0.38,0.08,0.39
8808,0.6907940024603915,0.19,0.0,0.35,0.1,0.36
8809,0.6800930585674947,0.16,0.0,0.34,0.1,0.4
8810,0.7084435995473198,0.17,0.0,0.32,0.1,0.41
8811,0.692189297635697,0.22,0.0,0.32,0.1,0.36
8812,0.6926547394993815,0.2,0.0,0.35,0.07,0.38
8813,0.7164705578212992,0.19,0.0,0.38,0.05,0.38
8814,0.7123758951429617,0.11,0.0,0.42,0.04,0.43
8815,0.7380098967575951,0.1,0.0,0.41,0.03,0.46
8816,0.7319787719744666,0.08,0.0,0.46,0.04,0.42
8817,0.7278662751182552,0.1,0.0,0.4,0.03,0.47
8818,0.7196679112714475,0.1,0.0,0.37,0.03,0.5
8819,0.7661278597538004,0.03,0.0,0.39,0.02,0.56
8820,0.7582401415165293,0.03,0.0,0.43,0.02,0.52
8821,0.739429212895474,0.03,0.0,0.57,0.01,0.39
8822,0.7591020148026282,0.02,0.0,0.57,0.0,0.41
8823,0.7693802295462544,0.01,0.0,0.59,0.0,0.4
8824,0.747487101968961,0.01,0.0,0.5,0.0,0.49
8825,0.7981044904837301,0.03,0.0,0.44,0.0,0.53
8826,0.8080157084345323,0.01,0.0,0.35,0.01,0.63
8827,0.8363834570608488,0.01,0.0,0.32,0.0,0.67
8828,0.8133694299150639,0.0,0.0,0.27,0.0,0.73
8829,0.864187139090114,0.0,0.0,0.21,0.0,0.79
8830,0.8479328371784915,0.0,0.0,0.16,0.0,0.84
8831,0.8571203019343983,0.0,0.0,0.14,0.0,0.86
8832,0.8710864456701498,0.0,0.0,0.14,0.0,0.86
8833,0.8703511732648695,0.0,0.0,0.16,0.0,0.84
8834,0.8602581146973742,0.0,0.0,0.16,0.0,0.84
8835,0.8489866051392599,0.0,0.0,0.18,0.0,0.82
8836,0.8616907295328629,0.0,0.0,0.21,0.0,0.79
8837,0.8711000518539532,0.0,0.0,0.23,0.0,0.77
8838,0.869862957588822,0.0,0.0,0.13,0.0,0.87
8839,0.8815296242554888,0.0,0.0,0.16,0.0,0.84
8840,0.8774302046865801,0.0,0.0,0.19,0.0,0.81
8841,0.8809626600529589,0.01,0.0,0.18,0.0,0.81
8842,0.8844198657840827,0.01,0.0,0.08,0.0,0.91
8843,0.8731045374976183,0.03,0.0,0.14,0.0,0.83
8844,0.8546753547661621,0.04,0.0,0.17,0.0,0.79
8845,0.8383587013424879,0.02,0.0,0.15,0.0,0.83
8846,0.8424945659166793,0.01,0.0,0.19,0.01,0.79
8847,0.8679485591373134,0.0,0.0,0.22,0.0,0.78
8848,0.8764644819128098,0.0,0.0,0.17,0.0,0.83
8849,0.86874856145416,0.0,0.0,0.16,0.0,0.84
8850,0.8611595925411253,0.0,0.0,0.09,0.0,0.91
8851,0.8729143043947906,0.0,0.0,0.12,0.0,0.88
8852,0.874585984441954,0.0,0.0,0.15,0.0,0.85
8853,0.8592657808417458,0.0,0.0,0.13,0.0,0.87
8854,0.8522133605018936,0.0,0.0,0.13,0.0,0.87
8855,0.8435263056880287,0.0,0.0,0.12,0.0,0.88
8856,0.8851421332913079,0.0,0.0,0.07,0.0,0.93
8857,0.8317613569502992,0.0,0.0,0.1,0.0,0.9
8858,0.8720350475780277,0.0,0.0,0.07,0.0,0.93
8859,0.8858294710004013,0.0,0.0,0.06,0.0,0.94
8860,0.8788333680369724,0.0,0.0,0.07,0.0,0.93
8861,0.8642829884882373,0.0,0.0,0.08,0.0,0.92
8862,0.860613141320864,0.0,0.0,0.06,0.0,0.94
8863,0.8502778185630055,0.0,0.0,0.07,0.0,0.93
8864,0.8554442318323651,0.0,0.0,0.02,0.0,0.98
8865,0.8413714233453145,0.0,0.0,0.03,0.0,0.97
8866,0.8540210204322429,0.0,0.0,0.04,0.0,0.96
8867,0.8429184203626278,0.0,0.0,0.06,0.0,0.94
8868,0.8654442318323651,0.0,0.0,0.08,0.0,0.92
8869,0.8627839261671113,0.0,0.0,0.08,0.0,0.92
8870,0.8428425694416236,0.0,0.0,0.04,0.0,0.96
8871,0.8332797532167143,0.0,0.0,0.02,0.0,0.98
8872,0.8531933933166772,0.0,0.0,0.01,0.0,0.99
8873,0.8580431033924782,0.0,0.0,0.01,0.0,0.99
8874,0.8735020777064996,0.0,0.0,0.02,0.0,0.98
8875,0.8533918114925128,0.0,0.0,0.05,0.0,0.95
8876,0.8696633210506272,0.0,0.0,0.04,0.0,0.96
8877,0.8533273174592868,0.0,0.0,0.05,0.0,0.95
8878,0.8674901216211807,0.0,0.0,0.03,0.01,0.96
8879,0.8504708429142234,0.0,0.0,0.04,0.0,0.96
8880,0.8666090151141047,0.0,0.0,0.04,0.0,0.96
8881,0.8691312866462297,0.0,0.0,0.05,0.0,0.95
8882,0.8591140789997386,0.0,0.0,0.03,0.0,0.97
8883,0.8403759922849164,0.0,0.0,0.05,0.0,0.95
8884,0.8752865181869275,0.0,0.0,0.06,0.0,0.94
8885,0.8667891777282845,0.0,0.0,0.09,0.0,0.91
8886,0.8644505928337783,0.0,0.0,0.09,0.0,0.91
8887,0.859450592833778,0.0,0.0,0.07,0.0,0.93
8888,0.8675832314090727,0.0,0.0,0.12,0.0,0.88
8889,0.8615296242554887,0.0,0.0,0.11,0.0,0.89
8890,0.8726677964553702,0.0,0.0,0.09,0.0,0.91
8891,0.8741567882878476,0.0,0.0,0.13,0.0,0.87
8892,0.8981241282444394,0.0,0.0,0.09,0.0,0.91
8893,0.8586892775685199,0.0,0.0,0.06,0.0,0.94
8894,0.8877673095591376,0.0,0.0,0.11,0.0,0.89
8895,0.8768962768642143,0.0,0.0,0.13,0.0,0.87
8896,0.868403795635437,0.0,0.0,0.11,0.0,0.89
8897,0.8763376436227436,0.0,0.0,0.11,0.0,0.89
8898,0.8439129024523055,0.0,0.0,0.1,0.0,0.9
8899,0.5349999999999998,0.0,0.0,0.13,0.0,0.87
8900,0.5563961852855015,0.0,0.0,0.12,0.0,0.88
8901,0.5722238868433029,0.0,0.0,0.19,0.0,0.81
8902,0.6016328760134735,0.0,0.0,0.18,0.0,0.82
8903,0.6565899959875878,0.0,0.0,0.22,0.0,0.78
8904,0.6722144722938169,0.0,0.0,0.31,0.0,0.69
8905,0.7023113869604353,0.0,0.0,0.27,0.0,0.73
8906,0.7164721896795399,0.0,0.0,0.29,0.0,0.71
8907,0.7043014396726883,0.0,0.0,0.27,0.0,0.73
8908,0.7505784431330738,0.0,0.0,0.2,0.01,0.79
8909,0.7714221793612894,0.0,0.0,0.11,0.03,0.86
8910,0.7821081719918452,0.0,0.0,0.09,0.05,0.86
8911,0.7891786267538704,0.0,0.0,0.08,0.05,0.87
8912,0.8007954680969285,0.0,0.0,0.08,0.05,0.87
8913,0.810021175698044,0.0,0.0,0.08,0.04,0.88
8914,0.8315139708150059,0.0,0.0,0.11,0.04,0.85
8915,0.8292309096194592,0.0,0.0,0.11,0.03,0.86
8916,0.8456795077414097,0.0,0.0,0.08,0.03,0.89
8917,0.8315670515587447,0.0,0.0,0.16,0.01,0.83
8918,0.828185139516942,0.0,0.0,0.14,0.02,0.84
8919,0.8458553786787901,0.0,0.0,0.17,0.02,0.81
8920,0.8355568845042817,0.0,0.0,0.21,0.03,0.76
8921,0.8428250415552341,0.0,0.0,0.3,0.01,0.69
8922,0.8605610943709155,0.0,0.0,0.2,0.0,0.8
8923,0.8371583667868251,0.0,0.0,0.24,0.0,0.76
8924,0.8378250415552343,0.0,0.0,0.26,0.0,0.74
8925,0.8416154989302045,0.0,0.0,0.29,0.0,0.71
8926,0.8348540826348408,0.0,0.0,0.27,0.0,0.73
8927,0.8507093051580127,0.0,0.0,0.19,0.0,0.81
8928,0.827796746021394,0.0,0.0,0.24,0.0,0.76
8929,0.8384149804114022,0.0,0.0,0.24,0.0,0.76
8930,0.8677394115302778,0.0,0.0,0.19,0.01,0.8
8931,0.8506694486679156,0.0,0.0,0.23,0.01,0.76
8932,0.8157001788732687,0.0,0.0,0.24,0.01,0.75
8933,0.845469405190059,0.0,0.0,0.27,0.0,0.73
8934,0.8363972028828595,0.0,0.0,0.2,0.0,0.8
8935,0.8712992440141804,0.0,0.0,0.19,0.0,0.81
8936,0.8684977471584321,0.0,0.0,0.22,0.0,0.78
8937,0.8828677479612488,0.0,0.0,0.2,0.0,0.8
8938,0.8782023975578997,0.0,0.0,0.17,0.0,0.83
8939,0.884381152280422,0.0,0.0,0.18,0.01,0.81
8940,0.8740664006916075,0.0,0.0,0.15,0.02,0.83
8941,0.8549609273307887,0.0,0.0,0.16,0.01,0.83
8942,0.8807999223652071,0.0,0.0,0.1,0.0,0.9
8943,0.8935005759837525,0.0,0.0,0.15,0.0,0.85
8944,0.912977215477647,0.0,0.0,0.15,0.0,0.85
8945,0.9071426464923081,0.0,0.0,0.16,0.0,0.84
8946,0.9029703480501092,0.0,0.0,0.18,0.0,0.82
8947,0.9044666294706102,0.0,0.0,0.24,0.0,0.76
8948,0.8993777968866756,0.0,0.0,0.23,0.0,0.77
8949,0.9049074960979411,0.0,0.0,0.26,0.0,0.74
8950,0.8760394696901005,0.0,0.0,0.17,0.0,0.83
8951,0.8749638138532632,0.0,0.0,0.13,0.0,0.87
8952,0.8574531882144893,0.0,0.0,0.15,0.0,0.85
8953,0.8893953301255628,0.0,0.0,0.13,0.0,0.87
8954,0.8677349331467186,0.0,0.0,0.13,0.0,0.87
8955,0.8952618161997988,0.0,0.0,0.12,0.0,0.88
8956,0.8978593132355046,0.0,0.0,0.11,0.0,0.89
8957,0.8775951015421625,0.0,0.0,0.12,0.0,0.88
8958,0.8624908020128984,0.0,0.0,0.13,0.0,0.87
8959,0.8369969837436835,0.0,0.0,0.12,0.0,0.88
8960,0.8792637293958322,0.0,0.0,0.11,0.0,0.89
8961,0.8492086874650908,0.0,0.0,0.11,0.0,0.89
8962,0.8558640905806929,0.0,0.0,0.12,0.0,0.88
8963,0.8680767138729313,0.0,0.0,0.11,0.0,0.89
8964,0.8672490123151302,0.0,0.0,0.04,0.0,0.96
8965,0.8680266658054316,0.0,0.0,0.07,0.0,0.93
8966,0.8659171713244312,0.0,0.0,0.02,0.0,0.98
8967,0.859743380539598,0.0,0.0,0.02,0.0,0.98
8968,0.8833246681519671,0.0,0.0,0.02,0.0,0.98
8969,0.8969059557643366,0.0,0.0,0.03,0.0,0.97
8970,0.8885666776146398,0.0,0.0,0.01,0.0,0.99
8971,0.9005648124095765,0.0,0.0,0.0,0.0,1.0
8972,0.8930350172163714,0.0,0.0,0.01,0.0,0.99
8973,0.904553500867542,0.0,0.0,0.01,0.0,0.99
8974,0.8854985069277709,0.0,0.0,0.04,0.0,0.96
8975,0.8800301193350692,0.0,0.0,0.04,0.0,0.96
8976,0.8953944271634109,0.0,0.0,0.05,0.0,0.95
8977,0.8857424322459206,0.0,0.0,0.06,0.0,0.94
8978,0.8932611202039058,0.0,0.0,0.06,0.0,0.94
8979,0.8962221287212118,0.0,0.0,0.06,0.0,0.94
8980,0.9051126822311812,0.0,0.0,0.04,0.0,0.96
8981,0.9075795294902781,0.0,0.0,0.06,0.0,0.94
8982,0.9022314790762431,0.0,0.0,0.04,0.0,0.96
8983,0.9017518279324771,0.0,0.0,0.09,0.0,0.91
8984,0.8953443790959109,0.0,0.0,0.07,0.0,0.93
8985,0.8905648124095764,0.0,0.0,0.04,0.0,0.96
8986,0.8870610938300776,0.0,0.0,0.05,0.0,0.95
8987,0.8956924295099463,0.0,0.0,0.06,0.0,0.94
8988,0.9148309372989517,0.0,0.0,0.05,0.0,0.95
8989,0.8950289486170432,0.0,0.0,0.04,0.0,0.96
8990,0.8895880819897125,0.0,0.0,0.06,0.0,0.94
8991,0.8968131395510411,0.0,0.0,0.08,0.0,0.92
8992,0.9043850768083793,0.0,0.0,0.05,0.0,0.95
8993,0.9131223973468987,0.0,0.0,0.07,0.0,0.93
8994,0.898541117836272,0.0,0.0,0.1,0.0,0.9
8995,0.9027021527274064,0.0,0.0,0.09,0.0,0.91
8996,0.8961896138925991,0.0,0.0,0.03,0.0,0.97
8997,0.9106148604770758,0.0,0.0,0.02,0.0,0.98
8998,0.8990482899454083,0.0,0.0,0.03,0.0,0.97
8999,0.6233333333333326,0.0,0.0,0.01,0.0,0.99
9000,0.6416666666666662,0.0,0.0,0.01,0.0,0.99
9001,0.6599999999999995,0.0,0.0,0.02,0.0,0.98
9002,0.6683333333333329,0.0,0.0,0.05,0.0,0.95
9003,0.6549999999999995,0.0,0.0,0.01,0.0,0.99
9004,0.668519853218744,0.0,0.0,0.02,0.0,0.98
9005,0.6703846992507734,0.0,0.0,0.02,0.0,0.98
9006,0.6792659327603887,0.0,0.0,0.01,0.0,0.99
9007,0.6707460795416443,0.0,0.0,0.01,0.0,0.99
9008,0.6736986008916784,0.0,0.0,0.02,0.0,0.98
9009,0.6810230675580665,0.0,0.0,0.03,0.0,0.97
9010,0.6884143286326605,0.0,0.0,0.01,0.02,0.97
9011,0.6908811379674816,0.0,0.0,0.0,0.03,0.97
9012,0.6796007339125368,0.0,0.0,0.01,0.02,0.97
9013,0.6912840093312757,0.0,0.0,0.02,0.02,0.96
9014,0.6906899605415472,0.0,0.0,0.04,0.02,0.94
9015,0.7024913275649749,0.0,0.0,0.05,0.02,0.93
9016,0.7090283082710559,0.0,0.0,0.09,0.01,0.9
9017,0.7067624172104339,0.0,0.0,0.09,0.01,0.9
9018,0.7078687056810172,0.0,0.0,0.07,0.01,0.92
9019,0.7160144195689151,0.0,0.0,0.15,0.01,0.84
9020,0.7135079749073654,0.0,0.0,0.15,0.0,0.85
9021,0.6977148968607009,0.0,0.0,0.1,0.0,0.9
9022,0.6968890087271638,0.0,0.0,0.12,0.0,0.88
9023,0.7289813329748286,0.0,0.0,0.24,0.01,0.75
9024,0.7353099279987441,0.0,0.0,0.31,0.02,0.67
9025,0.7624746467211342,0.0,0.0,0.43,0.03,0.54
9026,0.7597570794293707,0.0,0.0,0.42,0.03,0.55
9027,0.7416800467070138,0.0,0.0,0.38,0.04,0.58
9028,0.7549240495466719,0.01,0.0,0.43,0.03,0.53
9029,0.7588955382547664,0.0,0.0,0.42,0.07,0.51
9030,0.7709288251805667,0.0,0.0,0.51,0.07,0.42
9031,0.7839569309552639,0.01,0.0,0.64,0.07,0.28
9032,0.7793251299519164,0.0,0.0,0.66,0.07,0.27
9033,0.7745692514932391,0.0,0.0,0.69,0.02,0.29
9034,0.7906368862124715,0.0,0.0,0.75,0.02,0.23
9035,0.7860612597239262,0.0,0.0,0.78,0.01,0.21
9036,0.8029854534627638,0.0,0.0,0.81,0.02,0.17
9037,0.8006453858902421,0.0,0.0,0.79,0.02,0.19
9038,0.7985350968836993,0.0,0.0,0.84,0.03,0.13
9039,0.7930723802417723,0.0,0.0,0.79,0.02,0.19
9040,0.807722647171244,0.0,0.0,0.78,0.03,0.19
9041,0.7869064400476422,0.01,0.0,0.72,0.07,0.2
9042,0.8124390751286436,0.0,0.0,0.78,0.05,0.17
9043,0.8111714932032289,0.0,0.0,0.8,0.04,0.16
9044,0.8230710721910514,0.0,0.0,0.83,0.03,0.14
9045,0.8228985967959969,0.01,0.0,0.86,0.03,0.1
9046,0.8162332022715542,0.04,0.0,0.79,0.02,0.15
9047,0.8188664459623055,0.03,0.0,0.78,0.02,0.17
9048,0.8128735136779797,0.02,0.0,0.82,0.0,0.16
9049,0.8092565616743289,0.06,0.0,0.79,0.0,0.15
9050,0.8056371153491818,0.05,0.0,0.77,0.01,0.17
9051,0.8049037021349313,0.03,0.0,0.78,0.0,0.19
9052,0.7959995658127965,0.02,0.0,0.74,0.0,0.24
9053,0.801121627983946,0.03,0.0,0.78,0.0,0.19
9054,0.8185098281073241,0.04,0.0,0.84,0.01,0.11
9055,0.8253994732594593,0.04,0.0,0.87,0.0,0.09
9056,0.8166313910869782,0.04,0.0,0.85,0.01,0.1
9057,0.79648409604795,0.06,0.0,0.81,0.0,0.13
9058,0.8056785107952116,0.05,0.0,0.8,0.0,0.15
9059,0.8033042119631979,0.05,0.0,0.81,0.02,0.12
9060,0.812078961893791,0.04,0.0,0.81,0.03,0.12
9061,0.8017743372948225,0.06,0.0,0.79,0.04,0.11
9062,0.8130207085866789,0.08,0.0,0.72,0.03,0.17
9063,0.82280778825947,0.08,0.0,0.74,0.03,0.15
9064,0.8170829193513837,0.12,0.0,0.69,0.03,0.16
9065,0.7975323652600882,0.13,0.0,0.6,0.05,0.22
9066,0.8068072764232356,0.16,0.0,0.65,0.04,0.15
9067,0.8287330589854983,0.19,0.0,0.69,0.01,0.11
9068,0.8173631642000424,0.15,0.0,0.72,0.01,0.12
9069,0.8106331441805535,0.14,0.0,0.72,0.02,0.12
9070,0.8042897207315082,0.14,0.0,0.73,0.03,0.1
9071,0.8222062849761815,0.11,0.0,0.79,0.03,0.07
9072,0.8399535688003743,0.07,0.0,0.85,0.03,0.05
9073,0.838441431982019,0.09,0.0,0.83,0.04,0.04
9074,0.835097458275786,0.11,0.0,0.81,0.02,0.06
9075,0.8312039112608585,0.08,0.0,0.84,0.02,0.06
9076,0.8298392771782546,0.09,0.0,0.78,0.02,0.11
9077,0.8287042382735389,0.06,0.0,0.8,0.05,0.09
9078,0.8247244185049635,0.05,0.0,0.79,0.05,0.11
9079,0.8307372234503033,0.01,0.0,0.82,0.06,0.11
9080,0.8363837098855456,0.02,0.0,0.81,0.05,0.12
9081,0.8340631814975522,0.02,0.0,0.77,0.08,0.13
9082,0.83639108517163,0.02,0.0,0.81,0.06,0.11
9083,0.8109379268567127,0.01,0.0,0.75,0.08,0.16
9084,0.8116459491258938,0.01,0.0,0.75,0.07,0.17
9085,0.8173176173633219,0.04,0.0,0.78,0.04,0.14
9086,0.8255608289430735,0.06,0.0,0.74,0.05,0.15
9087,0.8273249926494066,0.09,0.0,0.7,0.04,0.17
9088,0.819310931365066,0.07,0.0,0.67,0.03,0.23
9089,0.8068766324257362,0.08,0.0,0.61,0.03,0.28
9090,0.803120296308419,0.06,0.0,0.61,0.02,0.31
9091,0.8061471026609489,0.07,0.0,0.62,0.02,0.29
9092,0.8119985695230639,0.1,0.0,0.57,0.03,0.3
9093,0.8081150106517719,0.08,0.0,0.62,0.04,0.26
9094,0.8155900688880766,0.06,0.0,0.7,0.0,0.24
9095,0.813647205464894,0.08,0.0,0.68,0.02,0.22
9096,0.8108934159601587,0.04,0.0,0.7,0.02,0.24
9097,0.79853977314338,0.09,0.0,0.62,0.02,0.27
9098,0.815177148799351,0.09,0.0,0.69,0.02,0.2
9099,0.555,0.09,0.0,0.71,0.04,0.16
9100,0.6013672931390338,0.15,0.0,0.6,0.06,0.19
9101,0.6716666666666667,0.26,0.0,0.51,0.11,0.12
9102,0.7683333333333333,0.38,0.0,0.43,0.14,0.05
9103,0.8333333333333333,0.49,0.0,0.33,0.12,0.06
9104,0.8677362159283021,0.49,0.0,0.24,0.18,0.09
9105,0.9144028825949688,0.56,0.0,0.14,0.19,0.11
9106,0.9116666666666664,0.6,0.0,0.15,0.17,0.08
9107,0.9166666666666667,0.62,0.0,0.19,0.13,0.06
9108,0.9483333333333331,0.64,0.0,0.14,0.19,0.03
9109,0.9460695492616352,0.66,0.0,0.1,0.18,0.06
9110,0.9583333333333333,0.69,0.0,0.06,0.23,0.02
9111,0.9466666666666668,0.62,0.0,0.08,0.27,0.03
9112,0.9599999999999999,0.54,0.0,0.04,0.38,0.04
9113,0.9533333333333333,0.55,0.0,0.05,0.37,0.03
9114,0.955,0.5,0.0,0.08,0.39,0.03
9115,0.9449999999999998,0.55,0.0,0.12,0.32,0.01
9116,0.9416666666666668,0.48,0.0,0.12,0.38,0.02
9117,0.9466666666666664,0.47,0.0,0.1,0.38,0.05
9118,0.9383333333333335,0.4,0.0,0.12,0.41,0.07
9119,0.9249999999999997,0.35,0.0,0.14,0.39,0.12
9120,0.9128256688866064,0.33,0.0,0.17,0.35,0.15
9121,0.9033333333333331,0.36,0.0,0.17,0.3,0.17
9122,0.9316666666666663,0.36,0.0,0.14,0.36,0.14
9123,0.9383333333333332,0.33,0.0,0.09,0.38,0.2
9124,0.9383333333333331,0.37,0.0,0.06,0.36,0.21
9125,0.9516666666666665,0.38,0.0,0.03,0.42,0.17
9126,0.9516666666666665,0.38,0.0,0.02,0.4,0.2
9127,0.9399999999999998,0.43,0.0,0.01,0.36,0.2
9128,0.9349999999999998,0.43,0.0,0.0,0.35,0.22
9129,0.9416666666666668,0.47,0.0,0.03,0.38,0.12
9130,0.94,0.43,0.0,0.06,0.42,0.09
9131,0.9600000000000002,0.48,0.0,0.02,0.41,0.09
9132,0.9516666666666664,0.52,0.0,0.04,0.36,0.08
9133,0.95,0.58,0.0,0.05,0.31,0.06
9134,0.9549999999999998,0.52,0.0,0.06,0.35,0.07
9135,0.9333333333333331,0.57,0.0,0.08,0.27,0.08
9136,0.9233333333333333,0.61,0.0,0.03,0.29,0.07
9137,0.9583333333333333,0.68,0.0,0.02,0.24,0.06
9138,0.9483333333333333,0.64,0.0,0.04,0.31,0.01
9139,0.9666666666666667,0.63,0.0,0.04,0.31,0.02
9140,0.9749999999999999,0.67,0.0,0.04,0.27,0.02
9141,0.9316666666666668,0.51,0.0,0.14,0.32,0.03
9142,0.9099999999999998,0.51,0.0,0.15,0.3,0.04
9143,0.9199999999999998,0.49,0.0,0.13,0.33,0.05
9144,0.9133333333333333,0.45,0.0,0.14,0.34,0.07
9145,0.945,0.48,0.0,0.09,0.36,0.07
9146,0.9188883302855635,0.47,0.0,0.16,0.29,0.08
9147,0.9430339598057003,0.47,0.0,0.13,0.36,0.04
9148,0.9349999999999997,0.44,0.0,0.13,0.38,0.05
9149,0.955,0.43,0.0,0.08,0.42,0.07
9150,0.950854370479863,0.47,0.0,0.06,0.38,0.09
9151,0.935,0.45,0.0,0.09,0.35,0.11
9152,0.9350420742930595,0.43,0.0,0.09,0.36,0.12
9153,0.9183754076263929,0.39,0.0,0.13,0.35,0.13
9154,0.9133754076263929,0.39,0.0,0.16,0.34,0.11
9155,0.9175631114395896,0.43,0.0,0.15,0.33,0.09
9156,0.935,0.47,0.0,0.13,0.33,0.07
9157,0.9408543704798629,0.47,0.0,0.14,0.35,0.04
9158,0.9466666666666665,0.45,0.0,0.09,0.36,0.1
9159,0.9475210371465298,0.49,0.0,0.09,0.34,0.08
9160,0.9549999999999997,0.46,0.0,0.1,0.35,0.09
9161,0.9325210371465298,0.34,0.0,0.17,0.37,0.12
9162,0.9449999999999998,0.38,0.0,0.15,0.39,0.08
9163,0.9149999999999997,0.34,0.0,0.2,0.33,0.13
9164,0.9249999999999997,0.37,0.0,0.14,0.35,0.14
9165,0.9308649053348631,0.36,0.0,0.09,0.38,0.17
9166,0.935010534855,0.36,0.0,0.06,0.39,0.19
9167,0.9383333333333331,0.33,0.0,0.07,0.44,0.16
9168,0.9466666666666664,0.35,0.0,0.05,0.45,0.15
9169,0.9458543704798629,0.25,0.0,0.06,0.53,0.16
9170,0.9325210371465298,0.2,0.0,0.04,0.52,0.24
9171,0.9166666666666665,0.22,0.0,0.05,0.48,0.25
9172,0.9433333333333335,0.22,0.0,0.03,0.6,0.15
9173,0.9416666666666665,0.19,0.0,0.07,0.62,0.12
9174,0.9394028825949686,0.14,0.0,0.08,0.66,0.12
9175,0.9583333333333333,0.18,0.0,0.05,0.67,0.1
9176,0.9408543704798628,0.18,0.0,0.02,0.64,0.16
9177,0.9467087409597262,0.2,0.0,0.04,0.6,0.16
9178,0.9341877038131966,0.18,0.0,0.11,0.56,0.15
9179,0.9358543704798629,0.11,0.0,0.13,0.61,0.15
9180,0.9641877038131965,0.14,0.0,0.05,0.71,0.1
9181,0.9560695492616353,0.15,0.0,0.02,0.73,0.1
9182,0.9460695492616351,0.17,0.0,0.08,0.63,0.12
9183,0.944700626472367,0.13,0.0,0.08,0.67,0.12
9184,0.9616666666666666,0.15,0.0,0.06,0.67,0.12
9185,0.9611567109642023,0.11,0.0,0.04,0.74,0.11
9186,0.9516666666666664,0.09,0.0,0.04,0.73,0.14
9187,0.9361590022199399,0.03,0.0,0.02,0.74,0.21
9188,0.9311590022199401,0.05,0.0,0.03,0.72,0.2
9189,0.9133333333333333,0.05,0.0,0.05,0.62,0.28
9190,0.9036356738176725,0.07,0.0,0.03,0.62,0.28
9191,0.9183333333333333,0.13,0.0,0.02,0.57,0.28
9192,0.9083333333333331,0.16,0.0,0.0,0.54,0.3
9193,0.9299999999999998,0.15,0.0,0.03,0.67,0.15
9194,0.9511594314456474,0.16,0.0,0.02,0.69,0.13
9195,0.9547951610107284,0.21,0.0,0.04,0.65,0.1
9196,0.9350435925544499,0.19,0.0,0.05,0.61,0.15
9197,0.9427782902213617,0.25,0.0,0.05,0.57,0.13
9198,0.9352572530748319,0.19,0.0,0.05,0.55,0.21
9199,0.6633333333333326,0.21,0.0,0.05,0.53,0.21
9200,0.6766666666666663,0.21,0.0,0.05,0.47,0.27
9201,0.6866666666666661,0.16,0.0,0.05,0.46,0.33
9202,0.6749999999999994,0.17,0.0,0.02,0.42,0.39
9203,0.6980323783234553,0.22,0.0,0.05,0.44,0.29
9204,0.714273629841633,0.21,0.0,0.04,0.39,0.36
9205,0.7169241073465722,0.17,0.0,0.02,0.4,0.41
9206,0.714699044990122,0.18,0.0,0.05,0.37,0.4
9207,0.7520050531552106,0.11,0.0,0.14,0.42,0.33
9208,0.7704278526998661,0.11,0.0,0.16,0.47,0.26
9209,0.7935846911619318,0.09,0.0,0.16,0.55,0.2
9210,0.7884517106206377,0.07,0.0,0.19,0.55,0.19
9211,0.816844043912829,0.07,0.0,0.21,0.49,0.23
9212,0.836318875587671,0.07,0.0,0.3,0.41,0.22
9213,0.8467099471569653,0.11,0.0,0.31,0.31,0.27
9214,0.8635190270841632,0.11,0.0,0.39,0.26,0.24
9215,0.8743779388219116,0.03,0.0,0.46,0.22,0.29
9216,0.876465115592656,0.05,0.0,0.4,0.16,0.39
9217,0.8694448177406212,0.04,0.0,0.45,0.1,0.41
9218,0.8727992131317422,0.02,0.0,0.5,0.09,0.39
9219,0.8738327202624552,0.01,0.0,0.52,0.15,0.32
9220,0.8725482643233995,0.0,0.0,0.51,0.12,0.37
9221,0.8805672171997592,0.0,0.0,0.52,0.07,0.41
9222,0.8742629171178562,0.02,0.0,0.45,0.06,0.47
9223,0.8671463818518412,0.03,0.0,0.44,0.04,0.49
9224,0.8735160862364891,0.02,0.0,0.35,0.03,0.6
9225,0.8716858377556362,0.01,0.0,0.46,0.01,0.52
9226,0.8807815539870449,0.0,0.0,0.46,0.02,0.52
9227,0.8820628753071741,0.0,0.0,0.43,0.06,0.51
9228,0.8608165479143333,0.0,0.0,0.45,0.04,0.51
9229,0.8590072041939365,0.0,0.0,0.45,0.05,0.5
9230,0.8510584281661967,0.0,0.0,0.36,0.06,0.58
9231,0.8619501163060697,0.0,0.0,0.44,0.09,0.47
9232,0.8594855636495766,0.01,0.0,0.41,0.09,0.49
9233,0.8508351696399161,0.01,0.0,0.38,0.08,0.53
9234,0.861842006732714,0.02,0.0,0.37,0.07,0.54
9235,0.8518431618978464,0.0,0.0,0.3,0.04,0.66
9236,0.8601076790873917,0.0,0.0,0.34,0.05,0.61
9237,0.8656384413548703,0.0,0.0,0.37,0.04,0.59
9238,0.8735383951192993,0.0,0.0,0.33,0.0,0.67
9239,0.8726336812850944,0.0,0.0,0.33,0.0,0.67
9240,0.8751424658518111,0.0,0.0,0.29,0.0,0.71
9241,0.8561371190715612,0.0,0.0,0.27,0.0,0.73
9242,0.8543997786249647,0.0,0.0,0.24,0.0,0.76
9243,0.8497266407767704,0.0,0.0,0.24,0.0,0.76
9244,0.8786594166368255,0.0,0.0,0.23,0.0,0.77
9245,0.8839546502707918,0.0,0.0,0.22,0.0,0.78
9246,0.8972440346507028,0.0,0.0,0.2,0.0,0.8
9247,0.8996777409430875,0.0,0.0,0.17,0.0,0.83
9248,0.9089871967999857,0.0,0.0,0.25,0.0,0.75
9249,0.9065068039001829,0.0,0.0,0.25,0.0,0.75
9250,0.9123952239575439,0.0,0.0,0.26,0.01,0.73
9251,0.9068357578890395,0.0,0.0,0.3,0.0,0.7
9252,0.9100552689220998,0.0,0.0,0.24,0.0,0.76
9253,0.8750914750490095,0.0,0.0,0.21,0.0,0.79
9254,0.8826188717179481,0.0,0.0,0.2,0.0,0.8
9255,0.8771486158522771,0.0,0.0,0.18,0.01,0.81
9256,0.841065512957382,0.0,0.0,0.18,0.0,0.82
9257,0.8555754539606406,0.0,0.0,0.19,0.0,0.81
9258,0.8648734355527623,0.0,0.0,0.2,0.0,0.8
9259,0.8627419897128719,0.0,0.0,0.2,0.0,0.8
9260,0.8713587023037498,0.0,0.0,0.26,0.0,0.74
9261,0.8647449826862921,0.0,0.0,0.31,0.0,0.69
9262,0.8737082247988108,0.0,0.0,0.27,0.0,0.73
9263,0.8870547195059938,0.0,0.0,0.25,0.0,0.75
9264,0.8939737927553361,0.0,0.0,0.22,0.0,0.78
9265,0.8703427424008103,0.0,0.0,0.19,0.0,0.81
9266,0.859510681557253,0.0,0.0,0.17,0.01,0.82
9267,0.8684414932205697,0.0,0.0,0.17,0.01,0.82
9268,0.8834284451430614,0.0,0.0,0.18,0.01,0.81
9269,0.8824426142310444,0.0,0.0,0.12,0.0,0.88
9270,0.9077906375342992,0.0,0.0,0.08,0.0,0.92
9271,0.8880218680659676,0.0,0.0,0.02,0.0,0.98
9272,0.8874445784277821,0.0,0.0,0.01,0.0,0.99
9273,0.8835268091266548,0.0,0.0,0.03,0.0,0.97
9274,0.9038517701681027,0.0,0.0,0.0,0.0,1.0
9275,0.8992722328525495,0.0,0.0,0.01,0.0,0.99
9276,0.9061206925609597,0.0,0.0,0.0,0.0,1.0
9277,0.9004247886550563,0.0,0.0,0.0,0.01,0.99
9278,0.8975587578525034,0.0,0.0,0.02,0.02,0.96
9279,0.9002918081137615,0.0,0.0,0.02,0.03,0.95
9280,0.9200246206588548,0.0,0.0,0.01,0.04,0.95
9281,0.9137614317482741,0.0,0.0,0.01,0.05,0.94
9282,0.8781741165251316,0.0,0.0,0.03,0.03,0.94
9283,0.8881928486000796,0.0,0.0,0.0,0.04,0.96
9284,0.8727556032890234,0.0,0.0,0.0,0.05,0.95
9285,0.8979361626593483,0.0,0.0,0.0,0.07,0.93
9286,0.8983807014250678,0.0,0.0,0.0,0.07,0.93
9287,0.8955069840417883,0.0,0.0,0.0,0.09,0.91
9288,0.8998440455320525,0.0,0.0,0.02,0.07,0.91
9289,0.9104723674840869,0.0,0.0,0.02,0.09,0.89
9290,0.9174727031126896,0.0,0.0,0.01,0.11,0.88
9291,0.9112231826359368,0.0,0.0,0.01,0.1,0.89
9292,0.9122500688422687,0.0,0.0,0.01,0.15,0.84
9293,0.9129313351014542,0.0,0.0,0.03,0.14,0.83
9294,0.9127043549586934,0.0,0.0,0.02,0.18,0.8
9295,0.9233185705248005,0.01,0.0,0.02,0.15,0.82
9296,0.9183872107870878,0.01,0.0,0.02,0.18,0.79
9297,0.9250274039291502,0.01,0.0,0.05,0.16,0.78
9298,0.9240301676437823,0.02,0.0,0.01,0.1,0.87
9299,0.5033333333333335,0.02,0.0,0.0,0.12,0.86
9300,0.5416666666666671,0.02,0.0,0.0,0.14,0.84
9301,0.584244932871032,0.02,0.0,0.0,0.16,0.82
9302,0.6429787461039154,0.03,0.0,0.0,0.16,0.81
9303,0.6746454127705819,0.03,0.0,0.0,0.15,0.82
9304,0.7231070826692699,0.04,0.0,0.0,0.12,0.84
9305,0.7699352529315329,0.01,0.0,0.01,0.07,0.91
9306,0.7889700878832125,0.02,0.0,0.01,0.04,0.93
9307,0.787113039236348,0.01,0.0,0.0,0.03,0.96
9308,0.7821130392363478,0.04,0.0,0.0,0.02,0.94
9309,0.7864935158385571,0.03,0.0,0.0,0.02,0.95
9310,0.7895347730319828,0.02,0.0,0.0,0.04,0.94
9311,0.7931948936175094,0.0,0.0,0.0,0.02,0.98
9312,0.8087622259428169,0.0,0.0,0.0,0.01,0.99
9313,0.8168034831362426,0.0,0.0,0.0,0.0,1.0
9314,0.8145537425971376,0.0,0.0,0.0,0.01,0.99
9315,0.7959724873809618,0.0,0.0,0.0,0.01,0.99
9316,0.8201468404558417,0.0,0.0,0.0,0.01,0.99
9317,0.813995853416609,0.0,0.0,0.0,0.02,0.98
9318,0.797400375495052,0.0,0.0,0.01,0.03,0.96
9319,0.8105372963691257,0.0,0.0,0.01,0.03,0.96
9320,0.8174608304975242,0.0,0.0,0.02,0.02,0.96
9321,0.8244101301593196,0.0,0.0,0.03,0.06,0.91
9322,0.8159331843881682,0.0,0.0,0.03,0.03,0.94
9323,0.8277014588462355,0.0,0.0,0.06,0.07,0.87
9324,0.8168945765795936,0.0,0.0,0.1,0.08,0.82
9325,0.8156421866556373,0.0,0.0,0.08,0.07,0.85
9326,0.8125965757638298,0.0,0.0,0.1,0.08,0.82
9327,0.8243922095008454,0.0,0.0,0.08,0.09,0.83
9328,0.8243622030453599,0.0,0.0,0.04,0.1,0.86
9329,0.833063043579024,0.0,0.0,0.06,0.13,0.81
9330,0.8480550067636051,0.0,0.0,0.06,0.11,0.83
9331,0.8484425547323613,0.0,0.0,0.04,0.1,0.86
9332,0.8374662944945045,0.0,0.0,0.03,0.07,0.9
9333,0.8308537974159778,0.0,0.0,0.05,0.1,0.85
9334,0.82839910433209,0.0,0.0,0.07,0.12,0.81
9335,0.8417582031988204,0.0,0.0,0.02,0.18,0.8
9336,0.8628812455933125,0.0,0.0,0.01,0.24,0.75
9337,0.8650621197729417,0.0,0.0,0.0,0.23,0.77
9338,0.8569602892791442,0.0,0.0,0.01,0.3,0.69
9339,0.8588407390663629,0.0,0.0,0.02,0.34,0.64
9340,0.8928423080480592,0.0,0.0,0.02,0.43,0.55
9341,0.875692760946134,0.0,0.0,0.02,0.4,0.58
9342,0.8973104220914643,0.0,0.0,0.03,0.47,0.5
9343,0.8897129800310405,0.0,0.0,0.02,0.5,0.48
9344,0.9096019290948613,0.0,0.0,0.01,0.58,0.41
9345,0.9217137274840326,0.0,0.0,0.0,0.65,0.35
9346,0.9395444460598291,0.0,0.0,0.0,0.67,0.33
9347,0.9111433720473778,0.0,0.0,0.0,0.62,0.38
9348,0.8945337612323817,0.0,0.0,0.0,0.58,0.42
9349,0.9194753747936766,0.0,0.0,0.0,0.69,0.31
9350,0.924819434001314,0.0,0.0,0.0,0.71,0.29
9351,0.9410684650039979,0.0,0.0,0.0,0.72,0.28
9352,0.9291376215162975,0.0,0.0,0.0,0.7,0.3
9353,0.9359505159060977,0.01,0.0,0.0,0.69,0.3
9354,0.9277278223113627,0.0,0.0,0.0,0.69,0.31
9355,0.9550319473847021,0.0,0.0,0.0,0.77,0.23
9356,0.914267288668687,0.0,0.0,0.0,0.61,0.39
9357,0.9216881455920733,0.0,0.0,0.01,0.64,0.35
9358,0.920907951619831,0.0,0.0,0.0,0.61,0.39
9359,0.9244246979496655,0.0,0.0,0.0,0.69,0.31
9360,0.9277580312829989,0.0,0.0,0.0,0.69,0.31
9361,0.9411320267158336,0.0,0.0,0.0,0.78,0.22
9362,0.9305516259773458,0.0,0.0,0.0,0.71,0.29
9363,0.9349064854884266,0.0,0.0,0.0,0.77,0.23
9364,0.9367895938829346,0.0,0.0,0.0,0.88,0.12
9365,0.9509754943071035,0.0,0.0,0.0,0.91,0.09
9366,0.9567764227065702,0.02,0.0,0.0,0.87,0.11
9367,0.9355292701796905,0.01,0.0,0.01,0.84,0.14
9368,0.9170748291400518,0.0,0.0,0.01,0.71,0.28
9369,0.9434492355337842,0.0,0.0,0.0,0.78,0.22
9370,0.933920554613249,0.0,0.0,0.0,0.77,0.23
9371,0.932893084766322,0.0,0.0,0.0,0.8,0.2
9372,0.9333488685895602,0.0,0.0,0.0,0.8,0.2
9373,0.9269416846699404,0.01,0.0,0.01,0.76,0.22
9374,0.932296998512824,0.0,0.0,0.01,0.76,0.23
9375,0.9308865045856463,0.0,0.0,0.01,0.73,0.26
9376,0.9263449732412359,0.0,0.0,0.02,0.76,0.22
9377,0.9212103063823069,0.0,0.0,0.02,0.75,0.23
9378,0.9433652807180357,0.0,0.0,0.01,0.78,0.21
9379,0.9388790156414994,0.0,0.0,0.03,0.72,0.25
9380,0.9291194709747554,0.0,0.0,0.03,0.77,0.2
9381,0.9438790156414995,0.0,0.0,0.03,0.75,0.22
9382,0.9387734113001991,0.0,0.0,0.03,0.75,0.22
9383,0.9405456823081662,0.0,0.0,0.02,0.76,0.22
9384,0.9252223853970214,0.0,0.0,0.01,0.77,0.22
9385,0.9221252669503126,0.0,0.0,0.03,0.68,0.29
9386,0.9399635597164032,0.0,0.0,0.02,0.75,0.23
9387,0.9532398507129821,0.0,0.0,0.01,0.76,0.23
9388,0.9406451723801413,0.0,0.0,0.0,0.75,0.25
9389,0.9252473077659066,0.01,0.0,0.0,0.69,0.3
9390,0.942924155278776,0.0,0.0,0.0,0.72,0.28
9391,0.939751288894264,0.02,0.0,0.0,0.76,0.22
9392,0.9427694480176062,0.02,0.0,0.0,0.79,0.19
9393,0.9454722278429355,0.03,0.0,0.0,0.82,0.15
9394,0.9325229893412303,0.03,0.0,0.0,0.76,0.21
9395,0.9377321462114672,0.02,0.0,0.0,0.81,0.17
9396,0.968449235533784,0.02,0.0,0.0,0.87,0.11
9397,0.9503727696621825,0.02,0.0,0.0,0.83,0.15
9398,0.947465038241005,0.01,0.0,0.0,0.89,0.1
9399,0.6666666666666664,0.01,0.0,0.01,0.85,0.13
9400,0.6899999999999996,0.02,0.0,0.0,0.76,0.22
9401,0.7016666666666664,0.06,0.0,0.01,0.66,0.27
9402,0.7483333333333337,0.09,0.0,0.02,0.57,0.32
9403,0.7600000000000001,0.09,0.0,0.0,0.54,0.37
9404,0.7416666666666666,0.03,0.0,0.0,0.59,0.38
9405,0.7566666666666667,0.02,0.0,0.0,0.49,0.49
9406,0.7500000000000001,0.01,0.0,0.0,0.5,0.49
9407,0.7533333333333333,0.03,0.0,0.0,0.39,0.58
9408,0.7683333333333331,0.02,0.0,0.01,0.37,0.6
9409,0.7766666666666666,0.01,0.0,0.03,0.29,0.67
9410,0.7716666666666666,0.0,0.0,0.04,0.27,0.69
9411,0.8033333333333329,0.0,0.0,0.04,0.22,0.74
9412,0.8066666666666664,0.0,0.0,0.09,0.13,0.78
9413,0.808333333333333,0.0,0.0,0.09,0.12,0.79
9414,0.81,0.0,0.0,0.11,0.14,0.75
9415,0.8200000000000002,0.0,0.0,0.15,0.14,0.71
9416,0.8183333333333335,0.0,0.0,0.15,0.08,0.77
9417,0.8416666666666663,0.01,0.0,0.18,0.07,0.74
9418,0.8433333333333332,0.03,0.0,0.21,0.07,0.69
9419,0.8549999999999999,0.04,0.0,0.26,0.08,0.62
9420,0.8533333333333334,0.04,0.0,0.28,0.05,0.63
9421,0.848333333333333,0.09,0.0,0.2,0.07,0.64
9422,0.8616666666666662,0.06,0.0,0.32,0.05,0.57
9423,0.8550000000000001,0.07,0.0,0.29,0.04,0.6
9424,0.8649999999999998,0.05,0.0,0.44,0.07,0.44
9425,0.873333333333333,0.03,0.0,0.45,0.06,0.46
9426,0.8749999999999996,0.03,0.0,0.46,0.03,0.48
9427,0.8999999999999997,0.01,0.0,0.52,0.05,0.42
9428,0.8949999999999995,0.03,0.0,0.54,0.1,0.33
9429,0.8966666666666666,0.02,0.0,0.54,0.1,0.34
9430,0.9050000000000001,0.02,0.0,0.62,0.03,0.33
9431,0.903333333333333,0.0,0.0,0.61,0.03,0.36
9432,0.9049999999999998,0.01,0.0,0.67,0.03,0.29
9433,0.92,0.02,0.0,0.67,0.01,0.3
9434,0.8883333333333334,0.02,0.0,0.58,0.0,0.4
9435,0.903333333333333,0.02,0.0,0.62,0.0,0.36
9436,0.923333333333333,0.02,0.0,0.72,0.0,0.26
9437,0.905,0.03,0.0,0.68,0.02,0.27
9438,0.9183333333333333,0.04,0.0,0.7,0.03,0.23
9439,0.925,0.03,0.0,0.75,0.03,0.19
9440,0.9433333333333331,0.02,0.0,0.82,0.03,0.13
9441,0.9433333333333332,0.02,0.0,0.87,0.02,0.09
9442,0.9349999999999996,0.04,0.0,0.83,0.06,0.07
9443,0.9299999999999997,0.02,0.0,0.86,0.05,0.07
9444,0.93,0.03,0.0,0.83,0.04,0.1
9445,0.9500000000000002,0.02,0.0,0.87,0.03,0.08
9446,0.94,0.01,0.0,0.87,0.01,0.11
9447,0.9313939984038184,0.0,0.0,0.84,0.03,0.13
9448,0.913333333333334,0.0,0.0,0.84,0.03,0.13
9449,0.905,0.0,0.0,0.8,0.01,0.19
9450,0.9300000000000003,0.0,0.0,0.82,0.0,0.18
9451,0.93,0.0,0.0,0.82,0.0,0.18
9452,0.9333333333333332,0.0,0.0,0.85,0.0,0.15
9453,0.9366666666666663,0.0,0.0,0.83,0.0,0.17
9454,0.9416666666666665,0.0,0.0,0.88,0.0,0.12
9455,0.9366666666666668,0.0,0.0,0.83,0.0,0.17
9456,0.9333333333333335,0.0,0.0,0.82,0.0,0.18
9457,0.925,0.0,0.0,0.71,0.0,0.29
9458,0.8983333333333334,0.0,0.0,0.69,0.0,0.31
9459,0.9333333333333332,0.0,0.0,0.8,0.0,0.2
9460,0.9466666666666665,0.01,0.0,0.81,0.0,0.18
9461,0.9449999999999997,0.0,0.0,0.81,0.0,0.19
9462,0.9116666666666667,0.0,0.0,0.76,0.0,0.24
9463,0.9266666666666664,0.0,0.0,0.85,0.0,0.15
9464,0.9400000000000002,0.01,0.0,0.84,0.0,0.15
9465,0.9299999999999998,0.01,0.0,0.82,0.0,0.17
9466,0.9249999999999998,0.03,0.0,0.79,0.0,0.18
9467,0.9266666666666665,0.02,0.0,0.82,0.0,0.16
9468,0.9466666666666665,0.01,0.0,0.86,0.01,0.12
9469,0.9333333333333332,0.01,0.0,0.84,0.01,0.14
9470,0.9333333333333336,0.03,0.0,0.81,0.0,0.16
9471,0.9333333333333336,0.04,0.0,0.76,0.01,0.19
9472,0.9416666666666669,0.04,0.0,0.78,0.01,0.17
9473,0.9350000000000002,0.03,0.0,0.8,0.01,0.16
9474,0.9383333333333332,0.02,0.0,0.84,0.02,0.12
9475,0.9399999999999997,0.05,0.0,0.84,0.01,0.1
9476,0.9466666666666669,0.05,0.0,0.82,0.01,0.12
9477,0.9650000000000002,0.07,0.0,0.88,0.01,0.04
9478,0.9583333333333331,0.08,0.0,0.83,0.03,0.06
9479,0.961666666666667,0.09,0.0,0.86,0.01,0.04
9480,0.9483333333333333,0.08,0.0,0.82,0.01,0.09
9481,0.9483333333333333,0.08,0.0,0.8,0.02,0.1
9482,0.9449999999999998,0.03,0.0,0.82,0.01,0.14
9483,0.9433333333333331,0.05,0.0,0.82,0.02,0.11
9484,0.9616666666666664,0.03,0.0,0.88,0.0,0.09
9485,0.9616666666666666,0.01,0.0,0.88,0.0,0.11
9486,0.9416666666666668,0.01,0.0,0.83,0.0,0.16
9487,0.9433333333333332,0.0,0.0,0.88,0.0,0.12
9488,0.9566666666666663,0.0,0.0,0.86,0.0,0.14
9489,0.9549999999999998,0.0,0.0,0.9,0.0,0.1
9490,0.9349999999999996,0.0,0.0,0.88,0.0,0.12
9491,0.9383333333333331,0.0,0.0,0.86,0.0,0.14
9492,0.9316666666666664,0.0,0.0,0.87,0.0,0.13
9493,0.9350000000000002,0.0,0.0,0.85,0.0,0.15
9494,0.9216666666666663,0.0,0.0,0.8,0.0,0.2
9495,0.8983333333333334,0.01,0.0,0.76,0.0,0.23
9496,0.9099999999999998,0.0,0.0,0.71,0.0,0.29
9497,0.9249999999999997,0.0,0.0,0.76,0.0,0.24
9498,0.9233333333333336,0.0,0.0,0.78,0.0,0.22
9499,0.575,0.0,0.0,0.82,0.0,0.18
9500,0.6073293948298227,0.0,0.0,0.72,0.0,0.28
9501,0.6466666666666667,0.0,0.0,0.66,0.0,0.34
9502,0.640086908892811,0.0,0.0,0.66,0.0,0.34
9503,0.6435940600117658,0.02,0.0,0.64,0.0,0.34
9504,0.6863371278712818,0.01,0.0,0.71,0.0,0.28
9505,0.6868404844522883,0.0,0.0,0.69,0.01,0.3
9506,0.7117535755594777,0.0,0.0,0.66,0.0,0.34
9507,0.7217535755594775,0.0,0.0,0.66,0.0,0.34
9508,0.7440829703893002,0.0,0.0,0.58,0.0,0.42
9509,0.7164992741119335,0.0,0.0,0.52,0.0,0.48
9510,0.7458365459487776,0.0,0.0,0.53,0.0,0.47
9511,0.7600672163752579,0.0,0.0,0.47,0.0,0.53
9512,0.7749803074824468,0.0,0.0,0.49,0.0,0.51
9513,0.76230970231227,0.0,0.0,0.46,0.0,0.54
9514,0.7866469741491136,0.0,0.0,0.45,0.0,0.55
9515,0.7759842459859574,0.0,0.0,0.44,0.0,0.56
9516,0.7843175793192908,0.0,0.0,0.41,0.0,0.59
9517,0.8026509126526241,0.0,0.0,0.37,0.0,0.63
9518,0.7926509126526242,0.0,0.0,0.39,0.0,0.61
9519,0.781988184489468,0.0,0.0,0.39,0.0,0.61
9520,0.7653018253052486,0.0,0.0,0.39,0.0,0.61
9521,0.7783136408157805,0.0,0.0,0.46,0.0,0.54
9522,0.7883136408157801,0.0,0.0,0.43,0.0,0.57
9523,0.7813254563263119,0.0,0.0,0.35,0.0,0.65
9524,0.7816666666666668,0.0,0.0,0.38,0.0,0.62
9525,0.7966666666666663,0.0,0.0,0.36,0.0,0.64
9526,0.8000000000000002,0.0,0.0,0.39,0.0,0.61
9527,0.813333333333333,0.0,0.0,0.41,0.0,0.59
9528,0.8069881844894681,0.0,0.0,0.42,0.0,0.58
9529,0.8266666666666664,0.0,0.0,0.48,0.0,0.52
9530,0.8199999999999997,0.0,0.0,0.42,0.0,0.58
9531,0.8106627281631558,0.0,0.0,0.49,0.0,0.51
9532,0.7983333333333331,0.0,0.0,0.48,0.0,0.52
9533,0.7933333333333333,0.0,0.0,0.5,0.0,0.5
9534,0.7866666666666664,0.0,0.0,0.45,0.0,0.55
9535,0.7850000000000003,0.0,0.0,0.51,0.0,0.49
9536,0.7849999999999998,0.0,0.0,0.44,0.0,0.56
9537,0.8149999999999996,0.0,0.0,0.46,0.0,0.54
9538,0.8083333333333332,0.0,0.0,0.45,0.0,0.55
9539,0.8099999999999997,0.0,0.0,0.41,0.0,0.59
9540,0.806753575559477,0.0,0.0,0.35,0.0,0.65
9541,0.7767535755594772,0.0,0.0,0.37,0.0,0.63
9542,0.7730790318857893,0.0,0.0,0.38,0.0,0.62
9543,0.7743436970677324,0.0,0.0,0.4,0.0,0.6
9544,0.7759234548415883,0.0,0.0,0.38,0.0,0.62
9545,0.7701738177856214,0.0,0.0,0.4,0.0,0.6
9546,0.7774163037226336,0.0,0.0,0.44,0.0,0.56
9547,0.7669881844894681,0.0,0.0,0.48,0.0,0.52
9548,0.7866469741491136,0.01,0.0,0.48,0.0,0.51
9549,0.7613254563263123,0.0,0.0,0.54,0.0,0.46
9550,0.7856627281631559,0.0,0.0,0.47,0.0,0.53
9551,0.7663254563263121,0.0,0.0,0.49,0.0,0.51
9552,0.7803215178228013,0.0,0.0,0.41,0.0,0.59
9553,0.7763254563263119,0.0,0.0,0.39,0.0,0.61
9554,0.7996587896596453,0.0,0.0,0.39,0.0,0.61
9555,0.8023293948298225,0.0,0.0,0.33,0.0,0.67
9556,0.8073293948298228,0.0,0.0,0.32,0.0,0.68
9557,0.7996587896596453,0.0,0.0,0.31,0.0,0.69
9558,0.797650912652624,0.0,0.0,0.29,0.0,0.71
9559,0.8087340541746763,0.0,0.0,0.29,0.0,0.71
9560,0.7979921229929786,0.0,0.0,0.23,0.0,0.77
9561,0.7916666666666665,0.0,0.0,0.23,0.0,0.77
9562,0.8003215178228013,0.0,0.0,0.27,0.0,0.73
9563,0.8119881844894679,0.0,0.0,0.27,0.0,0.73
9564,0.7957222386641445,0.0,0.0,0.3,0.0,0.7
9565,0.7706430356456033,0.0,0.0,0.32,0.0,0.68
9566,0.7853215178228016,0.0,0.0,0.35,0.0,0.65
9567,0.7914046593448536,0.0,0.0,0.33,0.0,0.67
9568,0.7713254563263122,0.0,0.0,0.33,0.0,0.67
9569,0.7939960614964895,0.0,0.0,0.21,0.0,0.79
9570,0.8116469741491135,0.0,0.0,0.16,0.0,0.84
9571,0.8163254563263119,0.01,0.0,0.17,0.0,0.82
9572,0.7934665871670412,0.01,0.0,0.2,0.02,0.77
9573,0.7863057638087593,0.01,0.0,0.2,0.0,0.79
9574,0.7929724304754256,0.0,0.0,0.17,0.0,0.83
9575,0.7989763689789362,0.0,0.0,0.21,0.0,0.79
9576,0.7776509126526243,0.0,0.0,0.19,0.0,0.81
9577,0.7869881844894681,0.0,0.0,0.2,0.0,0.8
9578,0.7669881844894683,0.0,0.0,0.19,0.0,0.81
9579,0.774317579319291,0.0,0.0,0.12,0.0,0.88
9580,0.7879921229929786,0.0,0.0,0.12,0.0,0.88
9581,0.788654851156135,0.0,0.0,0.05,0.0,0.95
9582,0.7783333333333333,0.0,0.0,0.06,0.0,0.94
9583,0.788635158638582,0.0,0.0,0.08,0.01,0.91
9584,0.7963254563263119,0.0,0.0,0.07,0.01,0.92
9585,0.7809842459859574,0.0,0.0,0.08,0.0,0.92
9586,0.7889960614964893,0.0,0.0,0.1,0.0,0.9
9587,0.7763254563263122,0.0,0.0,0.09,0.0,0.91
9588,0.7776509126526244,0.0,0.0,0.05,0.0,0.95
9589,0.7649803074824468,0.0,0.0,0.04,0.0,0.96
9590,0.773400549708591,0.0,0.0,0.05,0.0,0.95
9591,0.7948129149277139,0.0,0.0,0.05,0.0,0.95
9592,0.7994044882121015,0.0,0.0,0.05,0.0,0.95
9593,0.7923889053308115,0.0,0.0,0.04,0.0,0.96
9594,0.7751464193937995,0.0,0.0,0.06,0.0,0.94
9595,0.7772412052936314,0.0,0.0,0.06,0.0,0.94
9596,0.7738286689417564,0.0,0.0,0.06,0.0,0.94
9597,0.7813254563263121,0.0,0.0,0.08,0.0,0.92
9598,0.7663254563263122,0.0,0.0,0.12,0.0,0.88
9599,0.5699999999999995,0.0,0.0,0.08,0.0,0.92
9600,0.5899999999999999,0.0,0.0,0.07,0.0,0.93
9601,0.626787900308808,0.0,0.0,0.08,0.0,0.92
9602,0.6434545669754749,0.0,0.0,0.09,0.0,0.91
9603,0.6503637009264247,0.0,0.0,0.1,0.0,0.9
9604,0.6851212336421413,0.0,0.0,0.07,0.0,0.93
9605,0.67190913395095,0.0,0.0,0.04,0.0,0.96
9606,0.7102424672842835,0.0,0.0,0.03,0.0,0.97
9607,0.6995322460129785,0.0,0.0,0.04,0.0,0.96
9608,0.703348873578866,0.0,0.0,0.07,0.0,0.93
9609,0.6865911206148531,0.0,0.0,0.08,0.0,0.92
9610,0.7071516012352336,0.0,0.0,0.1,0.0,0.9
9611,0.721077679037504,0.0,0.0,0.08,0.0,0.92
9612,0.7294110123708367,0.0,0.0,0.14,0.0,0.86
9613,0.7508352117532204,0.0,0.0,0.14,0.0,0.86
9614,0.7595492736228404,0.0,0.0,0.17,0.0,0.83
9615,0.7688645376645613,0.0,0.0,0.19,0.0,0.81
9616,0.781666666666667,0.0,0.0,0.18,0.0,0.82
9617,0.7644280399806987,0.0,0.0,0.22,0.0,0.78
9618,0.7616666666666668,0.0,0.0,0.25,0.0,0.75
9619,0.8010624086624557,0.0,0.0,0.34,0.0,0.66
9620,0.8127206176259582,0.0,0.0,0.41,0.0,0.59
9621,0.8038237819764877,0.0,0.0,0.42,0.0,0.58
9622,0.8143957419957892,0.0,0.0,0.4,0.0,0.6
9623,0.8223087367949873,0.0,0.0,0.43,0.0,0.57
9624,0.8226385425660864,0.0,0.0,0.47,0.0,0.53
9625,0.8543957419957893,0.0,0.0,0.54,0.0,0.46
9626,0.8603591601920446,0.0,0.0,0.61,0.0,0.39
9627,0.8482602796603506,0.0,0.0,0.53,0.0,0.47
9628,0.8671978709978942,0.0,0.0,0.56,0.0,0.44
9629,0.8788237819764875,0.0,0.0,0.67,0.0,0.33
9630,0.8776883196410489,0.0,0.0,0.63,0.0,0.37
9631,0.8725977868780121,0.01,0.0,0.69,0.0,0.3
9632,0.875458150658245,0.0,0.0,0.7,0.0,0.3
9633,0.8768532190358017,0.0,0.0,0.78,0.0,0.22
9634,0.8981289912092403,0.0,0.0,0.73,0.0,0.27
9635,0.9063313802089789,0.0,0.0,0.79,0.0,0.21
9636,0.8986658513640513,0.0,0.0,0.8,0.0,0.2
9637,0.9037752708450639,0.0,0.0,0.84,0.0,0.16
9638,0.926551260199806,0.0,0.0,0.83,0.0,0.17
9639,0.9190004485171757,0.0,0.0,0.82,0.0,0.18
9640,0.9354496929550805,0.0,0.0,0.84,0.0,0.16
9641,0.9409893549894731,0.0,0.0,0.85,0.01,0.14
9642,0.9292321555597699,0.0,0.0,0.91,0.0,0.09
9643,0.9377290753291228,0.0,0.0,0.94,0.0,0.06
9644,0.9270071589128367,0.01,0.0,0.9,0.0,0.09
9645,0.9565936129936837,0.02,0.0,0.9,0.0,0.08
9646,0.9337009512285417,0.02,0.0,0.81,0.0,0.17
9647,0.9264623245425737,0.02,0.0,0.79,0.0,0.19
9648,0.9342411769466592,0.01,0.0,0.78,0.0,0.21
9649,0.9414300265576644,0.02,0.0,0.78,0.0,0.2
9650,0.9375247332050296,0.03,0.0,0.81,0.0,0.16
9651,0.918627897555559,0.04,0.0,0.82,0.0,0.14
9652,0.917556112460153,0.0,0.0,0.86,0.01,0.13
9653,0.9162812590165005,0.01,0.0,0.83,0.01,0.15
9654,0.9203501388051548,0.02,0.0,0.82,0.02,0.14
9655,0.9341351899277471,0.01,0.0,0.84,0.02,0.13
9656,0.9346986922438839,0.02,0.0,0.85,0.03,0.1
9657,0.9332421948765922,0.06,0.0,0.8,0.05,0.09
9658,0.941520559320701,0.06,0.0,0.8,0.05,0.09
9659,0.9359723977699838,0.02,0.0,0.82,0.06,0.1
9660,0.9359718758994195,0.01,0.0,0.78,0.11,0.1
9661,0.9432602796603505,0.01,0.0,0.76,0.08,0.15
9662,0.9154406715681912,0.0,0.0,0.74,0.08,0.18
9663,0.9198364135639803,0.0,0.0,0.71,0.1,0.19
9664,0.9109718758994192,0.0,0.0,0.72,0.09,0.19
9665,0.9114554234514733,0.01,0.0,0.75,0.05,0.19
9666,0.9083338552038979,0.01,0.0,0.73,0.04,0.22
9667,0.9293052092327525,0.0,0.0,0.76,0.04,0.2
9668,0.9065941348642486,0.0,0.0,0.75,0.01,0.24
9669,0.9112148333905232,0.01,0.0,0.82,0.02,0.15
9670,0.9119437517988385,0.01,0.0,0.8,0.03,0.16
9671,0.9202596060421182,0.01,0.0,0.87,0.01,0.11
9672,0.9276385425660858,0.01,0.0,0.82,0.0,0.17
9673,0.9387740049015243,0.01,0.0,0.85,0.0,0.14
9674,0.9377290753291225,0.0,0.0,0.87,0.0,0.13
9675,0.9269262727087849,0.04,0.0,0.83,0.0,0.13
9676,0.9435929393754512,0.08,0.0,0.83,0.0,0.09
9677,0.9484847143202707,0.03,0.0,0.9,0.0,0.07
9678,0.9525577112213166,0.05,0.0,0.88,0.0,0.07
9679,0.965,0.05,0.0,0.88,0.0,0.07
9680,0.96157613390363,0.04,0.0,0.9,0.01,0.05
9681,0.9495598503023733,0.07,0.0,0.86,0.03,0.04
9682,0.9554406715681911,0.05,0.0,0.85,0.03,0.07
9683,0.9202691667943355,0.03,0.0,0.81,0.05,0.11
9684,0.9432523613225139,0.02,0.0,0.84,0.03,0.11
9685,0.9529625775912751,0.01,0.0,0.88,0.02,0.09
9686,0.9455810267147675,0.01,0.0,0.91,0.02,0.06
9687,0.9487835656537418,0.01,0.0,0.89,0.02,0.08
9688,0.9621571153098211,0.01,0.0,0.9,0.0,0.09
9689,0.9447284017108902,0.02,0.0,0.88,0.0,0.1
9690,0.9581697468973139,0.01,0.0,0.89,0.0,0.1
9691,0.9471856655488128,0.01,0.0,0.9,0.0,0.09
9692,0.950531204331228,0.01,0.0,0.92,0.0,0.07
9693,0.9582602796603505,0.01,0.0,0.88,0.0,0.11
9694,0.9393052092327528,0.01,0.0,0.83,0.0,0.16
9695,0.9571978709978947,0.01,0.0,0.91,0.0,0.08
9696,0.934795657875907,0.0,0.0,0.88,0.0,0.12
9697,0.9443052092327526,0.01,0.0,0.88,0.0,0.11
9698,0.9581522678072603,0.02,0.0,0.9,0.0,0.08
9699,0.47583333333333344,0.05,0.0,0.89,0.0,0.06
9700,0.5024999999999998,0.02,0.0,0.95,0.0,0.03
9701,0.505,0.01,0.0,0.89,0.0,0.1
9702,0.49333333333333335,0.01,0.0,0.81,0.0,0.18
9703,0.5666666666666668,0.0,0.0,0.76,0.0,0.24
9704,0.611666666666667,0.0,0.0,0.67,0.0,0.33
9705,0.6075000000000003,0.0,0.0,0.62,0.0,0.38
9706,0.6116666666666668,0.0,0.0,0.59,0.0,0.41
9707,0.6133333333333336,0.0,0.0,0.67,0.0,0.33
9708,0.6433333333333339,0.0,0.0,0.73,0.0,0.27
9709,0.6716666666666669,0.0,0.0,0.73,0.0,0.27
9710,0.7133333333333336,0.0,0.0,0.71,0.0,0.29
9711,0.7416666666666668,0.0,0.0,0.63,0.0,0.37
9712,0.7833333333333331,0.0,0.0,0.56,0.0,0.44
9713,0.8066666666666665,0.0,0.0,0.49,0.0,0.51
9714,0.7916666666666665,0.0,0.0,0.39,0.0,0.61
9715,0.8033333333333331,0.0,0.0,0.36,0.0,0.64
9716,0.7916666666666665,0.0,0.0,0.35,0.0,0.65
9717,0.8016666666666664,0.0,0.0,0.3,0.0,0.7
9718,0.8083333333333331,0.0,0.0,0.25,0.0,0.75
9719,0.7916666666666664,0.0,0.0,0.35,0.0,0.65
9720,0.7699999999999999,0.0,0.0,0.38,0.0,0.62
9721,0.7949999999999997,0.0,0.0,0.33,0.0,0.67
9722,0.795,0.0,0.0,0.31,0.0,0.69
9723,0.7933333333333331,0.0,0.0,0.36,0.0,0.64
9724,0.7833333333333333,0.0,0.0,0.35,0.01,0.64
9725,0.775,0.0,0.0,0.25,0.0,0.75
9726,0.7883333333333333,0.0,0.0,0.23,0.0,0.77
9727,0.766666666666667,0.0,0.0,0.16,0.0,0.84
9728,0.7849999999999998,0.0,0.0,0.19,0.0,0.81
9729,0.7933333333333333,0.0,0.0,0.19,0.0,0.81
9730,0.7949999999999998,0.0,0.0,0.21,0.02,0.77
9731,0.7766666666666666,0.0,0.0,0.25,0.03,0.72
9732,0.7949999999999997,0.0,0.0,0.27,0.03,0.7
9733,0.7999999999999998,0.0,0.0,0.3,0.04,0.66
9734,0.78,0.0,0.0,0.34,0.04,0.62
9735,0.7816666666666666,0.0,0.0,0.32,0.03,0.65
9736,0.78,0.0,0.0,0.27,0.01,0.72
9737,0.7733333333333333,0.0,0.0,0.27,0.03,0.7
9738,0.7816666666666664,0.0,0.0,0.25,0.01,0.74
9739,0.79,0.0,0.0,0.29,0.01,0.7
9740,0.7799999999999998,0.0,0.0,0.18,0.0,0.82
9741,0.8049999999999998,0.0,0.0,0.21,0.0,0.79
9742,0.7916666666666665,0.0,0.0,0.17,0.0,0.83
9743,0.7866666666666666,0.0,0.0,0.23,0.01,0.76
9744,0.7999999999999997,0.0,0.0,0.25,0.01,0.74
9745,0.7999999999999998,0.01,0.0,0.26,0.0,0.73
9746,0.7933333333333331,0.0,0.0,0.26,0.0,0.74
9747,0.8116666666666663,0.0,0.0,0.32,0.0,0.68
9748,0.8166666666666663,0.0,0.0,0.32,0.0,0.68
9749,0.8099999999999998,0.0,0.0,0.29,0.01,0.7
9750,0.8066666666666664,0.0,0.0,0.38,0.0,0.62
9751,0.81,0.0,0.0,0.37,0.0,0.63
9752,0.7999999999999998,0.0,0.0,0.41,0.0,0.59
9753,0.78,0.0,0.0,0.35,0.0,0.65
9754,0.7816666666666667,0.0,0.0,0.33,0.01,0.66
9755,0.7966666666666664,0.0,0.0,0.36,0.0,0.64
9756,0.78,0.0,0.0,0.37,0.0,0.63
9757,0.7799999999999998,0.0,0.0,0.33,0.0,0.67
9758,0.7866666666666666,0.0,0.0,0.39,0.0,0.61
9759,0.8099999999999997,0.0,0.0,0.31,0.0,0.69
9760,0.795,0.0,0.0,0.26,0.0,0.74
9761,0.8016666666666664,0.0,0.0,0.29,0.0,0.71
9762,0.7949999999999998,0.0,0.0,0.32,0.0,0.68
9763,0.8033333333333331,0.0,0.0,0.27,0.0,0.73
9764,0.808333333333333,0.0,0.0,0.26,0.0,0.74
9765,0.7966666666666665,0.0,0.0,0.27,0.0,0.73
9766,0.7966666666666662,0.0,0.0,0.2,0.0,0.8
9767,0.7933333333333333,0.0,0.0,0.25,0.0,0.75
9768,0.8066666666666664,0.0,0.0,0.19,0.0,0.81
9769,0.8066666666666664,0.0,0.0,0.19,0.01,0.8
9770,0.7966666666666665,0.0,0.0,0.16,0.01,0.83
9771,0.8066666666666664,0.0,0.0,0.13,0.0,0.87
9772,0.8116666666666663,0.0,0.0,0.12,0.0,0.88
9773,0.8099999999999997,0.0,0.0,0.13,0.01,0.86
9774,0.8049999999999998,0.0,0.0,0.12,0.01,0.87
9775,0.7799999999999998,0.0,0.0,0.11,0.03,0.86
9776,0.7916666666666664,0.0,0.0,0.09,0.0,0.91
9777,0.7783333333333331,0.0,0.0,0.07,0.0,0.93
9778,0.793333333333333,0.0,0.0,0.02,0.0,0.98
9779,0.7900000000000001,0.0,0.0,0.02,0.0,0.98
9780,0.785,0.0,0.0,0.03,0.0,0.97
9781,0.8183333333333331,0.0,0.0,0.02,0.0,0.98
9782,0.8049999999999998,0.0,0.0,0.05,0.0,0.95
9783,0.7999999999999998,0.0,0.0,0.09,0.0,0.91
9784,0.8083333333333331,0.0,0.0,0.09,0.0,0.91
9785,0.7783333333333333,0.0,0.0,0.04,0.02,0.94
9786,0.7783333333333333,0.0,0.0,0.02,0.03,0.95
9787,0.7833333333333333,0.0,0.0,0.01,0.02,0.97
9788,0.7783333333333331,0.0,0.0,0.0,0.02,0.98
9789,0.7750000000000001,0.0,0.0,0.0,0.02,0.98
9790,0.7783333333333331,0.0,0.0,0.0,0.01,0.99
9791,0.7899999999999998,0.0,0.0,0.0,0.0,1.0
9792,0.7883333333333331,0.0,0.0,0.02,0.0,0.98
9793,0.7899999999999998,0.0,0.0,0.03,0.0,0.97
9794,0.8016666666666665,0.0,0.0,0.03,0.0,0.97
9795,0.7966666666666664,0.0,0.0,0.02,0.0,0.98
9796,0.8033333333333332,0.0,0.0,0.01,0.0,0.99
9797,0.8083333333333331,0.0,0.0,0.02,0.0,0.98
9798,0.8266666666666663,0.0,0.0,0.0,0.01,0.99
9799,0.6583333333333328,0.0,0.0,0.0,0.02,0.98
9800,0.6783333333333332,0.0,0.0,0.0,0.02,0.98
9801,0.6883333333333329,0.0,0.0,0.0,0.01,0.99
9802,0.6849999999999998,0.0,0.0,0.0,0.01,0.99
9803,0.7154169015794634,0.0,0.0,0.0,0.01,0.99
9804,0.7175116033453207,0.0,0.0,0.0,0.0,1.0
9805,0.7475004698255929,0.0,0.0,0.0,0.0,1.0
9806,0.7158338031589264,0.0,0.0,0.0,0.0,1.0
9807,0.7083342729845203,0.0,0.0,0.0,0.01,0.99
9808,0.7095849777229111,0.0,0.0,0.0,0.01,0.99
9809,0.7390241156386217,0.0,0.0,0.0,0.0,1.0
9810,0.7466685459690404,0.0,0.0,0.0,0.01,0.99
9811,0.7558860030858774,0.0,0.0,0.01,0.01,0.98
9812,0.7905604748411299,0.0,0.0,0.02,0.0,0.98
9813,0.767087326850879,0.0,0.0,0.01,0.0,0.99
9814,0.7770863871996915,0.0,0.0,0.0,0.01,0.99
9815,0.7729192507074316,0.0,0.0,0.0,0.01,0.99
9816,0.7879192507074315,0.0,0.0,0.0,0.02,0.98
9817,0.777502349127968,0.0,0.0,0.0,0.04,0.96
9818,0.7758366221124878,0.0,0.0,0.0,0.05,0.95
9819,0.786671364922602,0.0,0.0,0.0,0.04,0.96
9820,0.7815898019290463,0.0,0.0,0.0,0.04,0.96
9821,0.794726391155931,0.0,0.0,0.0,0.03,0.97
9822,0.8020426093791034,0.0,0.0,0.01,0.0,0.99
9823,0.793619540205479,0.0,0.0,0.03,0.0,0.97
9824,0.8041729784721277,0.0,0.0,0.02,0.0,0.98
9825,0.8140384231236889,0.0,0.0,0.04,0.0,0.96
9826,0.8015387909129099,0.0,0.0,0.03,0.0,0.97
9827,0.821819079351661,0.0,0.0,0.03,0.0,0.97
9828,0.8129097188638934,0.0,0.0,0.0,0.0,1.0
9829,0.8065372902091796,0.0,0.0,0.0,0.0,1.0
9830,0.8308430211808987,0.0,0.0,0.0,0.0,1.0
9831,0.8330673437351338,0.0,0.0,0.01,0.0,0.99
9832,0.847543176081343,0.0,0.0,0.01,0.01,0.98
9833,0.8466932040092159,0.0,0.0,0.0,0.0,1.0
9834,0.8530867557032918,0.0,0.0,0.0,0.0,1.0
9835,0.8443288982867607,0.0,0.0,0.0,0.0,1.0
9836,0.8508316196207331,0.0,0.0,0.01,0.0,0.99
9837,0.8519442081936488,0.0,0.0,0.02,0.01,0.97
9838,0.8510074267690161,0.0,0.0,0.01,0.02,0.97
9839,0.8422094153329123,0.0,0.0,0.02,0.0,0.98
9840,0.8493411387660172,0.0,0.0,0.0,0.0,1.0
9841,0.8333145562333856,0.0,0.0,0.0,0.0,1.0
9842,0.8257455207009583,0.0,0.0,0.01,0.0,0.99
9843,0.8289505765160832,0.0,0.0,0.01,0.0,0.99
9844,0.8481484232440166,0.0,0.0,0.01,0.0,0.99
9845,0.8456468203652383,0.0,0.0,0.02,0.0,0.98
9846,0.8357735088872428,0.0,0.0,0.01,0.0,0.99
9847,0.825984752651185,0.0,0.0,0.0,0.0,1.0
9848,0.824212546833841,0.0,0.0,0.0,0.0,1.0
9849,0.8162341956978719,0.0,0.0,0.02,0.0,0.98
9850,0.8085758384069355,0.0,0.0,0.04,0.0,0.96
9851,0.8203533647233754,0.0,0.0,0.02,0.0,0.98
9852,0.8376193475539176,0.0,0.0,0.0,0.0,1.0
9853,0.8384257989728962,0.0,0.0,0.0,0.0,1.0
9854,0.8369237732356974,0.0,0.0,0.0,0.0,1.0
9855,0.833666356180577,0.0,0.0,0.0,0.0,1.0
9856,0.8374894900683552,0.0,0.0,0.0,0.01,0.99
9857,0.833266961500546,0.0,0.0,0.0,0.01,0.99
9858,0.8362421676675282,0.0,0.0,0.0,0.0,1.0
9859,0.8337776628497963,0.0,0.0,0.0,0.0,1.0
9860,0.8267399022417768,0.0,0.0,0.0,0.0,1.0
9861,0.8283082092612155,0.0,0.0,0.0,0.0,1.0
9862,0.840208819554481,0.0,0.0,0.0,0.0,1.0
9863,0.8429927458213469,0.0,0.0,0.0,0.0,1.0
9864,0.8485910680190836,0.0,0.0,0.0,0.0,1.0
9865,0.8440404880576926,0.0,0.0,0.0,0.0,1.0
9866,0.8305724538253554,0.0,0.0,0.0,0.0,1.0
9867,0.8403118838182864,0.0,0.0,0.02,0.0,0.98
9868,0.8380134155293824,0.0,0.0,0.02,0.0,0.98
9869,0.8345022576240797,0.0,0.0,0.04,0.01,0.95
9870,0.8542562126530977,0.0,0.0,0.03,0.0,0.97
9871,0.8592885167999402,0.0,0.0,0.04,0.0,0.96
9872,0.8533616800676093,0.0,0.0,0.06,0.01,0.93
9873,0.8454911736100484,0.0,0.0,0.09,0.0,0.91
9874,0.8251858224967102,0.0,0.0,0.1,0.0,0.9
9875,0.8568677574658237,0.0,0.0,0.07,0.0,0.93
9876,0.8684650130310614,0.0,0.0,0.11,0.0,0.89
9877,0.8784931537233791,0.0,0.0,0.11,0.0,0.89
9878,0.8668747110278998,0.0,0.0,0.11,0.01,0.88
9879,0.861854820963537,0.0,0.0,0.13,0.02,0.85
9880,0.8460973960520538,0.0,0.0,0.15,0.04,0.81
9881,0.8482985415174151,0.0,0.0,0.16,0.03,0.81
9882,0.8432764955742202,0.0,0.0,0.18,0.06,0.76
9883,0.8507669834215374,0.0,0.0,0.25,0.07,0.68
9884,0.8464532421920707,0.0,0.0,0.25,0.06,0.69
9885,0.8423870464053533,0.0,0.0,0.29,0.09,0.62
9886,0.8538268686638406,0.0,0.0,0.28,0.07,0.65
9887,0.8469082970240389,0.0,0.0,0.25,0.06,0.69
9888,0.8496834028778134,0.0,0.0,0.24,0.08,0.68
9889,0.8514801388378076,0.0,0.0,0.21,0.06,0.73
9890,0.8691737907599585,0.0,0.0,0.19,0.03,0.78
9891,0.8776352043089982,0.0,0.0,0.15,0.0,0.85
9892,0.8615590571760504,0.0,0.0,0.19,0.0,0.81
9893,0.9030472868952276,0.0,0.0,0.16,0.02,0.82
9894,0.8893431750697733,0.0,0.0,0.19,0.02,0.79
9895,0.8942817095556347,0.0,0.0,0.12,0.02,0.86
9896,0.8845734605116344,0.0,0.0,0.11,0.03,0.86
9897,0.9115206769239237,0.0,0.0,0.06,0.0,0.94
9898,0.9169256563525201,0.0,0.0,0.1,0.0,0.9
9899,0.706666666666667,0.0,0.0,0.07,0.0,0.93
9900,0.7283333333333334,0.0,0.0,0.07,0.0,0.93
9901,0.7599999999999999,0.0,0.0,0.08,0.0,0.92
9902,0.7519291399891037,0.0,0.0,0.06,0.0,0.94
9903,0.7685958066557701,0.0,0.0,0.06,0.0,0.94
9904,0.7533333333333334,0.0,0.0,0.05,0.0,0.95
9905,0.7683333333333333,0.0,0.0,0.05,0.0,0.95
9906,0.7999999999999997,0.0,0.0,0.05,0.0,0.95
9907,0.799670163218376,0.0,0.0,0.05,0.0,0.95
9908,0.7904737867311573,0.0,0.0,0.07,0.0,0.93
9909,0.7964807798345765,0.0,0.0,0.12,0.0,0.88
9910,0.7928176097196193,0.0,0.0,0.17,0.0,0.83
9911,0.7874283532968911,0.0,0.0,0.18,0.0,0.82
9912,0.816701316274457,0.0,0.0,0.22,0.0,0.78
9913,0.8239091331314679,0.0,0.0,0.27,0.0,0.73
9914,0.8245265539028531,0.0,0.0,0.26,0.0,0.74
9915,0.820120487423784,0.0,0.0,0.29,0.0,0.71
9916,0.8365167369499313,0.0,0.0,0.31,0.0,0.69
9917,0.825229546058072,0.0,0.0,0.34,0.0,0.66
9918,0.8358732386376674,0.0,0.0,0.34,0.0,0.66
9919,0.8565681936273164,0.0,0.0,0.4,0.0,0.6
9920,0.852041980358474,0.0,0.0,0.41,0.0,0.59
9921,0.8567121435768503,0.0,0.0,0.44,0.0,0.56
9922,0.8282523430525315,0.0,0.0,0.43,0.0,0.57
9923,0.824427740229493,0.0,0.0,0.38,0.0,0.62
9924,0.8407820528730838,0.0,0.0,0.51,0.0,0.49
9925,0.8388030321833416,0.0,0.0,0.51,0.0,0.49
9926,0.8391328689649654,0.0,0.0,0.49,0.0,0.51
9927,0.8529574717880044,0.0,0.0,0.56,0.0,0.44
9928,0.859311784431595,0.0,0.0,0.6,0.0,0.4
9929,0.8905571126427492,0.0,0.0,0.74,0.0,0.26
9930,0.8742377655162543,0.0,0.0,0.82,0.0,0.18
9931,0.8870553752358739,0.0,0.0,0.83,0.0,0.17
9932,0.8845850850564259,0.01,0.0,0.84,0.0,0.15
9933,0.8810629621020718,0.0,0.0,0.82,0.0,0.18
9934,0.8785780919530067,0.0,0.0,0.91,0.0,0.09
9935,0.9048666645542818,0.0,0.0,0.9,0.0,0.1
9936,0.8987764486499976,0.0,0.0,0.84,0.0,0.16
9937,0.9059393977000173,0.0,0.0,0.87,0.0,0.13
9938,0.8862517517230931,0.0,0.0,0.83,0.0,0.17
9939,0.89191142528634,0.0,0.0,0.79,0.0,0.21
9940,0.8890177544083296,0.0,0.0,0.82,0.0,0.18
9941,0.8899759172792896,0.0,0.0,0.88,0.0,0.12
9942,0.8706355908425369,0.0,0.0,0.87,0.0,0.13
9943,0.8655920781598452,0.0,0.0,0.82,0.0,0.18
9944,0.8622587448265121,0.0,0.0,0.81,0.0,0.19
9945,0.8842727310333504,0.0,0.0,0.83,0.0,0.17
9946,0.8732657379299313,0.0,0.0,0.83,0.0,0.17
9947,0.9022937103436084,0.0,0.0,0.83,0.0,0.17
9948,0.8939864069344182,0.0,0.0,0.77,0.0,0.23
9949,0.8820594460929629,0.0,0.0,0.7,0.0,0.3
9950,0.891200134622943,0.0,0.0,0.67,0.0,0.33
9951,0.8919289080448886,0.0,0.0,0.67,0.0,0.33
9952,0.9169638735619846,0.0,0.0,0.8,0.0,0.2
9953,0.905297206895318,0.0,0.0,0.76,0.0,0.24
9954,0.9223111931021567,0.0,0.0,0.8,0.0,0.2
9955,0.9046375333320706,0.0,0.0,0.79,0.0,0.21
9956,0.8986740529113427,0.0,0.0,0.81,0.0,0.19
9957,0.904554310531206,0.0,0.0,0.83,0.0,0.17
9958,0.8872603206266473,0.0,0.0,0.76,0.0,0.24
9959,0.8927211982628098,0.0,0.0,0.74,0.0,0.26
9960,0.893941683922598,0.0,0.0,0.73,0.0,0.27
9961,0.9143221248871601,0.01,0.0,0.77,0.0,0.22
9962,0.9102184676658269,0.02,0.0,0.79,0.0,0.19
9963,0.8971879918905483,0.0,0.0,0.74,0.01,0.25
9964,0.8891844953388386,0.0,0.0,0.73,0.0,0.27
9965,0.9335661076938995,0.0,0.0,0.65,0.0,0.35
9966,0.9205851067943854,0.0,0.0,0.61,0.0,0.39
9967,0.9146618534182126,0.01,0.0,0.64,0.0,0.35
9968,0.9044341637414324,0.01,0.0,0.65,0.0,0.34
9969,0.9052972068953181,0.01,0.0,0.64,0.0,0.35
9970,0.9159743632171137,0.01,0.0,0.62,0.0,0.37
9971,0.9083007034470276,0.0,0.0,0.63,0.0,0.37
9972,0.8941705839285072,0.0,0.0,0.68,0.0,0.32
9973,0.8989603770102751,0.0,0.0,0.67,0.0,0.33
9974,0.8956270436769417,0.0,0.0,0.61,0.0,0.39
9975,0.9156445264354899,0.0,0.0,0.7,0.0,0.3
9976,0.9189778597688232,0.0,0.0,0.76,0.0,0.24
9977,0.9236480229871995,0.0,0.0,0.78,0.0,0.22
9978,0.9079708666654038,0.0,0.0,0.75,0.0,0.25
9979,0.9173111931021565,0.0,0.0,0.79,0.0,0.21
9980,0.9326585126423285,0.0,0.0,0.75,0.0,0.25
9981,0.9219813563205329,0.0,0.0,0.71,0.0,0.29
9982,0.8905144311355524,0.0,0.0,0.67,0.0,0.33
9983,0.8519289080448883,0.0,0.0,0.64,0.0,0.36
9984,0.8825109345838427,0.0,0.0,0.66,0.0,0.34
9985,0.887181097802219,0.0,0.0,0.67,0.0,0.33
9986,0.8837570074196368,0.01,0.0,0.78,0.0,0.21
9987,0.8766165540218128,0.0,0.0,0.78,0.0,0.22
9988,0.8736130574701032,0.0,0.0,0.72,0.0,0.28
9989,0.8782832206884795,0.0,0.0,0.7,0.0,0.3
9990,0.9080143793480954,0.0,0.0,0.75,0.0,0.25
9991,0.9227884980133823,0.0,0.0,0.66,0.01,0.33
9992,0.9283181862055758,0.0,0.0,0.73,0.0,0.27
9993,0.8876235471252321,0.0,0.0,0.68,0.0,0.32
9994,0.8956270436769417,0.0,0.0,0.59,0.0,0.41
9995,0.8876235471252321,0.0,0.0,0.55,0.0,0.45
9996,0.8858978507520056,0.0,0.0,0.57,0.0,0.43
9997,0.9042244737495823,0.0,0.0,0.56,0.0,0.44
9998,0.9262384599564208,0.0,0.0,0.54,0.0,0.46
9999,0.6983333333333328,0.0,0.0,0.5,0.0,0.5
